t,f
1,227
2,362
3,388
4,320
5,24
6,31
8,8
9,1382
10,4
12,9
13,146
14,202
15,227
16,178
17,216
18,167
19,113
20,105
21,657
22,887
23,809
24,253
25,172
26,41
29,446
30,492
31,681
32,483
33,624
34,1343
35,678
36,616
37,1
41,474
42,803
43,636
44,831
45,1084
46,1003
47,615
48,41
52,244
53,870
54,852
55,1173
56,837
57,643
58,615
59,246
62,327
63,883
64,832
65,1021
66,1033
67,729
68,607
69,50
72,243
73,798
74,1109
75,940
76,1178
77,620
78,648
82,437
83,475
84,781
85,368
86,1183
87,1235
88,718
89,196
94,980
95,949
96,1062
97,1117
98,820
99,482
100,134
103,234
104,725
105,575
106,1106
107,1258
108,836
109,541
110,185
114,416
115,804
116,721
117,1148
118,895
119,751
120,701
124,309
125,648
126,1114
127,1121
128,1073
129,568
130,645
134,424
135,1246
136,1129
137,1035
138,592
139,685
140,374
143,717
144,639
145,1059
146,1128
147,842
148,733
149,393
150,17
153,539
154,932
155,664
156,1138
157,1061
158,783
159,291
163,335
164,768
165,963
166,1082
167,1157
168,742
169,487
173,305
174,781
175,1052
176,1031
177,909
178,737
179,641
183,343
184,662
185,986
186,1321
187,803
188,514
189,596
190,234
193,343
194,930
195,553
196,1255
197,932
198,724
199,722
200,77
203,268
204,1363
205,1164
206,1054
207,706
208,664
209,221
212,518
213,1081
214,1185
215,996
216,729
217,723
218,228
221,598
222,580
223,1028
224,1119
225,879
226,623
227,549
228,89
231,401
232,788
233,1007
234,1311
235,842
236,518
237,483
238,133
241,276
242,1075
243,472
244,1008
245,1039
246,894
247,556
248,122
252,416
253,774
254,1203
255,853
256,1019
257,591
258,668
262,633
263,919
264,1221
265,909
266,540
267,724
268,443
269,39
271,199
272,907
273,1123
274,981
275,1066
276,674
277,542
278,30
281,398
282,831
283,872
284,1085
285,1083
286,776
287,450
291,281
292,906
293,971
294,1231
295,668
296,722
297,607
298,39
301,409
302,1056
303,266
304,896
305,961
306,1031
307,665
308,218
312,371
313,590
314,1360
315,1025
316,812
317,674
318,570
319,61
322,607
323,564
324,504
325,699
326,1141
327,1040
328,729
329,207
333,114
334,835
335,862
336,1073
337,961
338,845
339,595
340,224
343,145
344,594
345,1347
346,1001
347,904
348,599
349,641
350,227
353,765
354,971
355,1119
356,1012
357,631
358,614
359,358
360,1
362,297
363,855
364,556
365,909
366,724
367,1222
368,730
369,199
373,383
374,507
375,1555
376,1035
377,627
378,596
379,659
380,84
383,540
384,935
385,737
386,1179
387,971
388,691
389,438
393,310
394,1427
395,969
396,1127
397,810
398,770
399,34
402,541
403,597
404,1165
405,1123
406,896
407,623
408,568
412,327
413,979
414,953
415,1073
416,1051
417,679
418,424
422,435
423,544
424,763
425,909
426,874
427,965
428,822
429,195
433,691
434,488
435,937
436,1230
437,787
438,699
439,557
440,77
443,284
444,913
445,474
446,1038
447,1090
448,927
449,520
450,205
454,538
455,783
456,432
457,1110
458,893
459,1097
460,575
465,435
466,625
467,654
468,578
469,760
470,1038
471,1214
472,213
477,120
478,803
479,1253
480,1220
481,569
482,660
483,642
484,258
487,542
488,960
489,546
490,1046
491,958
492,741
493,668
494,3
497,294
498,823
499,856
500,1066
501,940
502,538
503,592
504,316
507,289
508,814
509,1004
510,1049
511,1030
512,737
513,586
517,400
518,556
519,1235
520,1106
521,910
522,616
523,604
527,448
528,1262
529,1253
530,812
531,658
532,659
533,461
536,327
537,788
538,1164
539,1026
540,906
541,635
542,584
543,10
546,397
547,708
548,982
549,819
550,1181
551,609
552,752
553,66
556,416
557,467
558,862
559,677
560,583
561,583
562,496
583,542
584,430
585,335
591,703
592,613
593,487
594,568
595,592
596,645
597,931
598,804
599,138
605,236
606,1020
607,395
608,493
609,548
610,632
611,674
612,145
622,339
623,574
624,390
625,1
630,293
631,652
632,696
633,633
634,624
635,762
636,105
646,446
647,410
648,438
649,51
654,489
655,627
656,1144
657,1121
658,919
659,639
660,529
664,390
665,912
666,445
667,471
668,644
669,602
670,572
671,54
680,532
681,450
682,300
688,542
689,698
690,561
691,570
692,555
693,718
694,160
704,451
705,649
706,268
707,6
712,333
713,957
714,931
715,815
716,1123
717,778
718,515
722,308
723,491
724,895
725,649
726,518
727,564
728,427
729,202
739,399
740,717
741,142
747,307
748,934
749,403
750,541
751,525
752,774
753,335
763,283
764,515
765,583
766,22
771,250
772,635
773,1336
774,1351
775,660
776,628
777,542
781,563
782,788
783,219
784,582
785,516
786,580
787,467
788,315
789,28
798,397
799,610
800,221
806,363
807,935
808,642
809,543
810,525
811,676
812,223
822,474
823,382
824,497
830,390
831,687
832,1032
833,1071
834,999
835,699
836,597
837,3
840,257
841,586
842,720
843,697
844,509
845,631
846,476
847,132
857,543
858,401
859,266
865,411
866,589
867,841
868,498
869,588
870,524
871,459
872,4
881,524
882,580
883,199
884,92
889,443
890,784
891,1083
892,1129
893,819
894,503
895,574
896,115
899,353
900,810
901,610
902,417
903,599
904,591
905,604
915,564
916,526
917,144
918,1
923,451
924,745
925,657
926,506
927,518
928,612
929,467
939,338
940,413
941,547
942,127
947,273
948,598
949,1210
950,1000
951,1031
952,510
953,669
954,84
957,519
958,728
959,410
960,528
961,525
962,637
963,676
964,4
974,384
975,606
976,215
977,64
982,339
983,869
984,535
985,512
986,505
987,584
988,561
989,4
998,439
999,299
1000,624
1001,1
1006,410
1007,417
1008,973
1009,604
1010,474
1011,1010
1012,1316
1013,214
1015,18
1019,345
1020,1076
1021,299
1022,447
1023,676
1024,651
1025,487
1036,532
1037,326
1038,368
1044,547
1045,450
1046,722
1047,548
1048,594
1049,623
1050,400
1051,75
1060,518
1061,639
1062,259
1068,523
1069,886
1070,775
1071,1013
1072,956
1073,686
1074,425
1075,94
1078,390
1079,821
1080,613
1081,585
1082,699
1083,586
1084,294
1095,613
1096,498
1097,216
1098,3
1103,571
1104,700
1105,488
1106,530
1107,609
1108,614
1109,380
1119,478
1120,653
1121,266
1127,459
1128,989
1129,434
1130,1137
1131,1093
1132,789
1133,452
1138,494
1139,949
1140,597
1141,565
1142,479
1143,562
1144,366
1154,446
1155,643
1156,215
1162,387
1163,852
1164,446
1165,569
1166,477
1167,671
1168,545
1178,377
1179,460
1180,463
1181,29
1186,361
1187,600
1188,1119
1189,1010
1190,1110
1191,704
1192,603
1193,6
1196,199
1197,838
1198,671
1199,555
1200,581
1201,683
1202,371
1212,13
1213,445
1214,560
1215,297
1221,421
1222,876
1223,543
1224,619
1225,604
1226,692
1227,184
1237,476
1238,500
1239,390
1245,474
1246,833
1247,1022
1248,1099
1249,751
1250,576
1251,545
1252,131
1255,401
1256,894
1257,413
1258,633
1259,419
1260,605
1261,542
1262,21
1271,7
1272,488
1273,323
1274,513
1280,473
1281,605
1282,737
1283,512
1284,548
1285,550
1286,530
1296,413
1297,680
1298,242
1299,61
1304,402
1305,976
1306,612
1307,1121
1308,925
1309,555
1310,602
1311,157
1314,338
1315,832
1316,548
1317,533
1318,486
1319,694
1320,483
1321,43
1331,471
1332,383
1333,429
1334,15
1339,384
1340,620
1341,722
1342,542
1343,553
1344,642
1345,543
1355,350
1356,557
1357,379
1358,80
1363,218
1364,1011
1365,631
1366,1077
1367,838
1368,999
1369,490
1370,159
1374,422
1375,600
1376,705
1377,382
1378,605
1379,628
1380,542
1381,1
1391,411
1392,652
1393,197
1399,346
1400,754
1401,605
1402,645
1403,467
1404,557
1405,517
1406,175
1415,443
1416,473
1417,428
1423,355
1424,1207
1425,1436
1426,782
1427,581
1428,774
1429,310
1432,613
1433,789
1434,494
1435,504
1436,584
1437,587
1438,290
1449,347
1450,546
1451,469
1457,278
1458,645
1459,776
1460,489
1461,605
1462,633
1463,546
1473,526
1474,644
1475,216
1481,505
1482,767
1483,319
1484,1070
1485,1303
1486,649
1487,580
1488,203
1492,501
1493,997
1494,375
1495,566
1496,598
1497,727
1498,91
1507,12
1508,724
1509,485
1510,120
1516,765
1517,628
1518,415
1519,631
1520,541
1521,532
1522,516
1532,357
1533,545
1534,290
1535,138
1540,392
1541,828
1542,1174
1543,796
1544,967
1545,673
1546,615
1550,427
1551,479
1552,773
1553,473
1554,518
1555,606
1556,484
1557,69
1567,442
1568,554
1569,328
1575,365
1576,716
1577,598
1578,588
1579,638
1580,757
1581,385
1591,408
1592,513
1593,462
1599,315
1600,752
1601,1151
1602,1032
1603,840
1604,735
1605,524
1609,296
1610,949
1611,475
1612,561
1613,529
1614,514
1615,480
1616,75
1626,454
1627,334
1628,540
1634,374
1635,481
1636,855
1637,535
1638,624
1639,631
1640,498
1641,76
1650,396
1651,622
1652,321
1653,2
1658,312
1659,980
1660,1053
1661,854
1662,1108
1663,646
1664,457
1668,528
1669,425
1670,700
1671,438
1672,495
1673,610
1674,625
1685,463
1686,549
1687,264
1688,82
1693,355
1694,845
1695,640
1696,635
1697,580
1698,716
1699,287
1709,428
1710,468
1711,536
1717,283
1718,876
1719,1170
1720,877
1721,760
1722,577
1723,676
1724,10
1727,472
1728,948
1729,509
1730,436
1731,621
1732,597
1733,274
1743,603
1744,440
1745,326
1751,580
1752,708
1753,567
1754,602
1755,578
1756,660
1757,375
1767,344
1768,592
1769,337
1770,87
1775,304
1776,1014
1777,949
1778,928
1779,1011
1780,550
1781,535
1782,82
1785,379
1786,590
1787,808
1788,564
1789,484
1790,725
1791,228
1801,453
1802,521
1803,296
1804,109
1809,337
1810,778
1811,696
1812,670
1813,607
1814,669
1815,323
1825,489
1826,609
1827,342
1833,635
1834,1197
1835,1086
1836,758
1837,660
1838,757
1839,207
1842,348
1843,1014
1844,416
1845,437
1846,577
1847,558
1848,424
1859,504
1860,431
1861,417
1867,398
1868,1259
1869,1511
1870,566
1871,662
1872,677
1873,426
1876,495
1877,1441
1878,937
1879,829
1880,678
1881,611
1882,352
1885,508
1886,611
1887,589
1888,623
1889,677
1890,741
1891,58
1902,360
1903,667
1904,202
1905,107
1910,293
1911,763
1912,1283
1913,1287
1914,655
1915,591
1916,572
1917,66
1920,438
1921,866
1922,980
1923,1037
1924,841
1925,628
1926,550
1927,68
1930,468
1931,521
1932,657
1933,622
1934,542
1935,633
1936,319
1946,335
1947,529
1948,511
1954,258
1955,718
1956,1368
1957,937
1958,970
1959,684
1960,536
1964,750
1965,618
1966,907
1967,1337
1968,572
1969,605
1970,575
1974,342
1975,954
1976,441
1977,454
1978,506
1979,505
1980,572
1990,563
1991,540
1992,279
1998,662
1999,655
2000,690
2001,1226
2002,1015
2003,666
2004,433
2005,62
2008,204
2009,975
2010,1100
2011,1052
2012,607
2013,621
2014,641
2015,167
2018,521
2019,667
2020,571
2021,570
2022,694
2023,569
2024,239
2035,406
2036,622
2037,248
2038,96
2043,348
2044,874
2045,1032
2046,914
2047,904
2048,587
2049,616
2050,119
2053,497
2054,517
2055,1250
2056,1074
2057,663
2058,849
2059,563
2063,637
2064,655
2065,500
2066,515
2067,504
2068,577
2069,435
2079,552
2080,467
2081,403
2087,512
2088,626
2089,1152
2090,1062
2091,860
2092,632
2093,622
2094,1
2097,499
2098,649
2099,1035
2100,1177
2101,670
2102,650
2103,609
2104,57
2107,430
2108,773
2109,478
2110,642
2111,555
2112,645
2113,221
2123,560
2124,327
2125,323
2126,141
2131,741
2132,478
2133,877
2134,1242
2135,773
2136,546
2137,643
2138,198
2141,319
2142,893
2143,888
2144,873
2145,1016
2146,622
2147,703
2148,109
2151,361
2152,713
2153,536
2154,579
2155,571
2156,550
2157,394
2168,386
2169,743
2170,285
2176,366
2177,893
2178,863
2179,1135
2180,1015
2181,611
2182,577
2186,402
2187,724
2188,970
2189,1085
2190,926
2191,557
2192,628
2193,80
2196,494
2197,866
2198,519
2199,615
2200,757
2201,516
2202,1
2213,373
2214,560
2215,467
2221,288
2222,681
2223,772
2224,465
2225,521
2226,537
2227,765
2228,47
2490,172
2491,629
2492,430
2493,165
2498,67
2499,863
2500,1118
2501,1039
2502,680
2503,733
2504,679
2505,134
2508,322
2509,840
2510,505
2511,685
2512,508
2513,445
2514,492
2525,477
2526,286
2527,566
2528,18
2533,473
2534,533
2535,1168
2536,1245
2537,898
2538,620
2539,552
2543,241
2544,1062
2545,178
2546,940
2547,1090
2548,1017
2549,600
2550,260
2554,365
2555,870
2556,548
2557,539
2558,565
2559,678
2560,188
2571,267
2572,497
2573,474
2574,146
2579,145
2580,638
2581,1076
2582,902
2583,1129
2584,762
2585,582
2586,261
2589,141
2590,482
2591,1392
2592,1067
2593,834
2594,602
2595,592
2596,200
2599,396
2600,725
2601,606
2602,558
2603,625
2604,556
2605,330
2616,330
2617,408
2618,596
2619,40
2624,208
2625,503
2626,665
2627,1104
2628,1086
2629,922
2630,599
2631,408
2635,227
2636,641
2637,1036
2638,1085
2639,786
2640,642
2641,699
2642,193
2645,170
2646,647
2647,722
2648,502
2649,573
2650,437
2651,565
2652,193
2662,454
2663,382
2664,377
2665,166
2670,494
2671,506
2672,763
2673,1299
2674,967
2675,837
2676,604
2680,138
2681,843
2682,1180
2683,820
2684,1023
2685,626
2686,667
2687,65
2690,444
2691,521
2692,642
2693,557
2694,550
2695,550
2696,526
2697,8
2707,322
2708,536
2709,388
2710,125
2715,260
2716,782
2717,519
2718,1146
2719,1007
2720,925
2721,613
2722,167
2726,463
2727,538
2728,767
2729,987
2730,1129
2731,765
2732,615
2733,154
2737,436
2738,849
2739,243
2740,534
2741,525
2742,429
2743,693
2744,72
2754,464
2755,423
2756,520
2762,309
2763,603
2764,1294
2765,988
2766,894
2767,699
2768,651
2769,9
2772,282
2773,786
2774,1063
2775,1232
2776,787
2777,607
2778,613
2779,31
2782,305
2783,959
2784,428
2785,485
2786,529
2787,704
2788,313
2799,490
2800,620
2801,253
2807,469
2808,815
2809,355
2810,837
2811,1154
2812,1050
2813,642
2814,171
2818,290
2819,752
2820,1201
2821,936
2822,870
2823,576
2824,688
2828,263
2829,594
2830,653
2831,514
2832,484
2833,613
2834,589
2835,137
2845,350
2846,677
2847,293
2853,274
2854,901
2855,978
2856,845
2857,902
2858,905
2859,711
2863,359
2864,586
2865,1082
2866,1341
2867,616
2868,574
2869,703
2870,98
2873,315
2874,942
2875,378
2876,487
2877,465
2878,538
2879,652
2890,207
2891,397
2892,521
2893,267
2898,110
2899,533
2900,1000
2901,1262
2902,887
2903,786
2904,555
2905,272
2908,207
2909,815
2910,511
2911,840
2912,939
2913,1024
2914,672
2915,413
2916,2
2919,236
2920,628
2921,695
2922,495
2923,533
2924,540
2925,523
2926,124
2936,354
2937,573
2938,404
2939,37
2944,287
2945,835
2946,824
2947,884
2948,1180
2949,706
2950,649
2951,61
2954,212
2955,445
2956,1073
2957,884
2958,951
2959,1027
2960,656
2961,214
2965,389
2966,773
2967,564
2968,477
2969,611
2970,538
2971,401
2982,320
2983,381
2984,590
2985,78
2990,227
2991,487
2992,894
2993,862
2994,777
2995,1207
2996,647
2997,413
3001,316
3002,463
3003,800
3004,550
3005,385
3006,1004
3007,1242
3008,441
3009,124
3010,9
3014,472
3015,674
3016,527
3017,616
3018,519
3019,771
3020,197
3031,362
3032,327
3033,262
3034,421
3039,324
3040,430
3041,453
3042,1324
3043,837
3044,899
3045,857
3046,363
3050,225
3051,841
3052,964
3053,1037
3054,902
3055,493
3056,639
3057,244
3060,261
3061,733
3062,737
3063,551
3064,601
3065,643
3066,259
3077,239
3078,575
3079,323
3080,240
3085,155
3086,674
3087,902
3088,1169
3089,1185
3090,650
3091,689
3092,40
3095,271
3096,940
3097,935
3098,1448
3099,803
3100,531
3101,458
3105,153
3106,1060
3107,362
3108,559
3109,740
3110,690
3111,177
3122,463
3123,444
3124,487
3130,320
3131,617
3132,1192
3133,1172
3134,871
3135,747
3136,525
3140,243
3141,880
3142,875
3143,1000
3144,1070
3145,547
3146,693
3147,51
3150,225
3151,526
3152,831
3153,505
3154,616
3155,741
3156,377
3167,392
3168,734
3169,204
3170,21
3175,284
3176,1015
3177,902
3178,839
3179,1084
3180,617
3181,646
3182,131
3185,328
3186,515
3187,929
3188,1014
3189,954
3190,610
3191,356
3192,662
3193,8
3196,341
3197,945
3198,331
3199,514
3200,540
3201,598
3202,497
3203,2
3213,355
3214,266
3215,595
3216,169
3217,7
3221,339
3222,493
3223,914
3224,810
3225,923
3226,840
3227,826
3228,377
3232,196
3233,835
3234,540
3235,861
3236,965
3237,946
3238,544
3239,394
3240,7
3243,237
3244,557
3245,642
3246,683
3247,643
3248,641
3249,372
3260,410
3261,556
3262,394
3263,18
3268,318
3269,875
3270,950
3271,938
3272,1087
3273,910
3274,374
3278,168
3279,551
3280,633
3281,1074
3282,1187
3283,837
3284,675
3285,251
3289,203
3290,706
3291,639
3292,547
3293,451
3294,712
3295,526
3296,3
3306,459
3307,229
3308,693
3309,21
3314,277
3315,619
3316,1175
3317,1216
3318,894
3319,501
3320,584
3321,185
3324,274
3325,1007
3326,864
3327,1035
3328,954
3329,690
3330,497
3334,293
3335,687
3336,736
3337,527
3338,524
3339,629
3340,431
3351,428
3352,537
3353,335
3354,80
3359,249
3360,814
3361,617
3362,904
3363,875
3364,1264
3365,636
3366,182
3370,144
3371,628
3372,770
3373,1047
3374,1215
3375,551
3376,593
3377,323
3381,513
3382,567
3383,629
3384,523
3385,498
3386,596
3387,461
3388,4
3398,254
3399,405
3400,623
3401,77
3406,136
3407,580
3408,755
3409,954
3410,903
3411,1069
3412,672
3413,420
3417,277
3418,490
3419,1237
3420,1133
3421,923
3422,687
3423,610
3424,12
3427,314
3428,573
3429,746
3430,523
3431,630
3432,563
3433,407
3434,7
3444,307
3445,445
3446,449
3447,89
3448,4
3452,196
3453,630
3454,1198
3455,944
3456,1166
3457,769
3458,503
3459,248
3462,352
3463,674
3464,742
3465,834
3466,1163
3467,665
3468,658
3469,135
3473,584
3474,671
3475,321
3476,388
3477,615
3478,654
3479,571
3784,288
3785,329
3786,546
3787,176
3788,29
3792,207
3793,595
3794,1175
3795,1397
3796,836
3797,567
3798,568
3799,113
3802,507
3803,732
3804,412
3805,877
3806,964
3807,1083
3808,665
3809,124
3813,316
3814,606
3815,780
3816,478
3817,653
3818,673
3819,276
3830,358
3831,386
3832,472
3833,138
3838,120
3839,599
3840,620
3841,1156
3842,1032
3843,1091
3844,689
3845,179
3849,314
3850,590
3851,820
3852,722
3853,1204
3854,917
3855,656
3856,126
3860,146
3861,807
3862,597
3863,469
3864,506
3865,573
3866,578
3867,119
3877,56
3878,284
3879,443
3880,500
3881,98
3886,351
3887,548
3888,1014
3889,521
3890,394
3891,612
3892,505
3893,148
3922,213
3923,550
3924,474
3925,105
3930,114
3931,792
3932,626
3933,761
3934,1054
3935,1210
3936,679
3937,180
3941,127
3942,565
3943,742
3944,450
3945,506
3946,553
3947,659
3948,178
3958,39
3959,607
3960,484
3961,292
3967,675
3968,725
3969,541
3970,949
3971,1260
3972,846
3973,473
3978,482
3979,855
3980,490
3981,1165
3982,1018
3983,838
3984,492
3989,533
3990,772
3991,697
3992,506
3993,636
3994,598
3995,23
4005,286
4006,454
4007,592
4008,16
4013,142
4014,626
4015,645
4016,1096
4017,1279
4018,690
4019,703
4020,335
4024,399
4025,852
4026,453
4027,964
4028,1055
4029,702
4030,638
4031,272
4035,398
4036,763
4037,543
4038,590
4039,603
4040,786
4041,106
4052,276
4053,732
4054,340
4055,3
4060,229
4061,778
4062,1034
4063,971
4064,1098
4065,728
4066,595
4067,89
4070,179
4071,581
4072,1328
4073,1258
4074,807
4075,516
4076,632
4080,213
4081,698
4082,670
4083,600
4084,519
4085,664
4086,475
4097,283
4098,413
4099,646
4100,23
4105,151
4106,583
4107,656
4108,642
4109,1038
4110,1152
4111,806
4112,489
4117,594
4118,1158
4119,1132
4120,962
4121,537
4122,712
4123,255
4126,330
4127,753
4128,568
4129,397
4130,581
4131,634
4132,460
4133,58
4143,463
4144,364
4145,482
4146,87
4151,407
4152,715
4153,993
4154,983
4155,1042
4156,686
4157,390
4158,270
4161,260
4162,649
4163,833
4164,618
4165,1179
4166,891
4167,856
4168,93
4172,258
4173,753
4174,752
4175,642
4176,518
4177,924
4178,796
4179,329
4180,410
4181,139
4185,141
4186,801
4187,938
4188,1057
4189,984
4190,630
4191,550
4192,350
4193,2
4195,365
4196,543
4197,1154
4198,984
4199,989
4200,789
4201,559
4202,56
4205,357
4206,619
4207,592
4208,654
4209,553
4210,497
4211,408
4212,196
4230,296
4231,438
4232,436
4233,173
4238,122
4239,764
4240,702
4241,1032
4242,1006
4243,902
4244,708
4245,284
4249,338
4250,997
4251,665
4252,968
4253,1040
4254,607
4255,687
4256,75
4259,249
4260,633
4261,911
4262,665
4263,507
4264,622
4265,278
4276,440
4277,632
4278,282
4284,385
4285,943
4286,863
4287,997
4288,1070
4289,710
4290,469
4291,6
4294,222
4295,1172
4296,1367
4297,1094
4298,875
4299,520
4300,170
4303,284
4304,849
4305,574
4306,668
4307,709
4308,573
4309,244
4320,415
4321,355
4322,537
4323,85
4328,339
4329,496
4330,1268
4331,1198
4332,865
4333,595
4334,567
4335,176
4338,372
4339,1063
4340,980
4341,759
4342,632
4343,915
4344,551
4345,73
4348,454
4349,591
4350,361
4351,554
4352,688
4353,330
4354,575
4355,304
4365,395
4366,577
4367,363
4368,38
4373,245
4374,852
4375,1174
4376,977
4377,952
4378,524
4379,616
4380,105
4383,363
4384,649
4385,1208
4386,1021
4387,894
4388,570
4389,565
4390,218
4393,358
4394,792
4395,540
4396,509
4397,603
4398,649
4399,356
4400,1
4410,527
4411,580
4412,241
4418,426
4419,741
4420,1035
4421,1222
4422,846
4423,722
4424,529
4428,164
4429,948
4430,889
4431,1045
4432,1028
4433,631
4434,674
4435,7
4438,485
4439,540
4440,797
4441,513
4442,524
4443,707
4444,336
4457,300
4458,740
4459,282
4460,4
4465,146
4466,833
4467,850
4468,1143
4469,1201
4470,671
4471,408
4472,251
4476,573
4477,790
4478,452
4479,589
4480,611
4481,662
4482,415
4493,468
4494,612
4495,219
4496,18
4501,216
4502,986
4503,413
4504,532
4505,620
4506,589
4507,530
4508,64
4518,288
4519,517
4520,530
4526,96
4527,786
4528,1214
4529,878
4530,739
4531,674
4532,676
4533,340
4534,1
4536,383
4537,855
4538,616
4539,569
4540,640
4541,583
4542,435
4543,61
4553,345
4554,635
4555,355
4561,278
4562,820
4563,527
4564,602
4565,440
4566,557
4567,726
4568,18
4578,403
4579,514
4580,410
4581,2
4586,291
4587,687
4588,748
4589,951
4590,1208
4591,1088
4592,580
4597,68
4598,928
4599,682
4600,442
4601,571
4602,584
4603,542
4604,139
4615,368
4616,582
4617,401
4623,261
4624,774
4625,731
4626,498
4627,623
4628,639
4629,473
4640,611
4641,499
4642,259
4648,510
4649,754
4650,926
4651,1171
4652,876
4653,693
4654,542
4658,314
4659,883
4660,534
4661,460
4662,523
4663,593
4664,640
4675,574
4676,423
4677,327
4683,351
4684,711
4685,559
4686,587
4687,608
4688,735
4689,352
4690,162
4699,245
4700,539
4701,556
4702,4
4707,61
4708,585
4709,1421
4710,1027
4711,898
4712,600
4713,630
4714,269
4717,377
4718,774
4719,623
4720,564
4721,633
4722,737
4723,248
4734,479
4735,666
4736,243
4737,1
4742,429
4743,874
4744,485
4745,555
4746,575
4747,696
4748,414
4758,462
4759,385
4760,469
4761,2
4766,274
4767,681
4768,1156
4769,1256
4770,945
4771,751
4772,433
4776,125
4777,873
4778,713
4779,511
4780,428
4781,593
4782,610
4783,78
4793,346
4794,277
4795,569
4796,130
4801,222
4802,485
4803,714
4804,664
4805,586
4806,528
4807,694
4808,214
4817,298
4818,781
4819,277
4825,167
4826,820
4827,1060
4828,1098
4829,989
4830,645
4831,562
4832,104
4835,289
4836,675
4837,703
4838,615
4839,696
4840,688
4841,251
4852,386
4853,630
4854,350
4855,11
4860,272
4861,873
4862,644
4863,441
4864,580
4865,568
4866,466
4867,218
4876,208
4877,507
4878,561
4879,110
4885,655
4886,841
4887,1033
4888,1124
4889,1145
4890,412
4891,134
4895,393
4896,1025
4897,743
4898,572
4899,782
4900,523
4904,2
4912,129
4913,516
4914,494
4915,218
4921,641
4922,564
4923,684
4924,677
4925,486
4926,661
4927,383
4937,158
4938,667
4939,483
4940,54
4945,1
4946,829
4947,742
4948,1113
4949,1190
4950,719
4951,734
4952,83
4956,496
4957,896
4958,387
4959,667
4960,543
4961,706
4962,253
4973,222
4974,696
4975,314
4976,84
4981,49
4982,937
4983,597
4984,579
4985,545
4986,545
4987,680
4988,218
4998,258
4999,535
5000,446
5001,115
5006,108
5007,597
5008,1194
5009,1143
5010,985
5011,746
5012,562
5013,119
5016,82
5017,952
5018,553
5019,411
5020,569
5021,585
5022,737
5023,32
5033,387
5034,663
5035,344
5041,179
5042,854
5043,999
5044,1178
5045,849
5046,741
5047,392
5048,322
5051,76
5052,975
5053,442
5054,852
5055,1035
5056,1005
5057,748
5058,243
5062,86
5063,594
5064,975
5065,437
5066,530
5067,633
5068,619
5069,28
5079,260
5080,688
5081,347
5082,51
5087,214
5088,861
5089,487
5090,734
5091,1071
5092,1155
5093,820
5094,175
5099,665
5100,965
5101,1052
5102,1082
5103,771
5104,702
5105,129
5109,701
5110,735
5111,556
5112,443
5113,684
5114,727
5115,108
5126,411
5127,516
5128,353
5129,77
5134,359
5135,856
5136,1144
5137,1033
5138,708
5139,917
5140,486
5144,403
5145,625
5146,473
5147,1075
5148,1154
5149,845
5150,666
5151,286
5155,280
5156,808
5157,1077
5158,905
5159,934
5160,717
5161,487
5162,180
5165,488
5166,584
5167,1016
5168,990
5169,1051
5170,738
5171,612
5175,143
5176,548
5177,1094
5178,1386
5179,1113
5180,625
5181,495
5182,95
5185,312
5186,679
5187,781
5188,417
5189,584
5190,529
5191,685
5192,121
5212,255
5213,694
5214,411
5215,1
5220,17
5221,877
5222,721
5223,708
5224,1088
5225,1174
5226,683
5227,206
5231,201
5232,562
5233,1387
5234,991
5235,994
5236,525
5237,752
5238,109
5241,391
5242,769
5243,832
5244,1038
5245,978
5246,689
5247,748
5251,221
5252,580
5253,1385
5254,1124
5255,838
5256,521
5257,485
5258,294
5261,446
5262,794
5263,1038
5264,1102
5265,909
5266,564
5267,571
5271,303
5272,633
5273,791
5274,1070
5275,1088
5276,729
5277,713
5278,255
5282,505
5283,711
5284,534
5285,900
5286,1288
5287,832
5288,658
5289,48
5293,480
5294,686
5295,973
5296,991
5297,905
5298,652
5299,752
5303,418
5304,773
5305,1036
5306,1074
5307,957
5308,612
5309,528
5310,129
5313,236
5314,890
5315,1190
5316,1030
5317,906
5318,695
5319,451
5323,530
5324,680
5325,907
5326,1087
5327,939
5328,711
5329,667
5330,1
5333,232
5334,662
5335,708
5336,1091
5337,903
5338,965
5339,551
5340,358
5344,198
5345,683
5346,1154
5347,1402
5348,758
5349,603
5350,635
5351,4
5354,213
5355,998
5356,427
5357,904
5358,1143
5359,970
5360,592
5361,276
5365,220
5366,672
5367,1156
5368,964
5369,1038
5370,622
5371,614
5372,172
5375,235
5376,677
5377,1328
5378,1167
5379,798
5380,619
5381,693
5385,257
5386,986
5387,931
5388,958
5389,974
5390,586
5391,697
5392,96
5395,350
5396,589
5397,567
5398,1048
5399,1139
5400,924
5401,761
5402,116
5406,222
5407,990
5408,809
5409,1048
5410,1040
5411,546
5412,699
5413,109
5416,210
5417,579
5418,1263
5419,1242
5420,831
5421,708
5422,623
5426,118
5427,1105
5428,826
5429,962
5430,892
5431,735
5432,640
5433,196
5436,183
5437,1059
5438,780
5439,1114
5440,1024
5441,610
5442,575
5443,159
5446,145
5447,658
5448,672
5449,1378
5450,1122
5451,570
5452,754
5453,142
5457,626
5458,838
5459,475
5460,378
5461,1005
5462,958
5463,816
5464,374
5469,578
5470,711
5471,948
5472,1257
5473,906
5474,920
5475,219
5479,194
5480,759
5481,789
5482,1180
5483,678
5484,997
5485,799
5486,22
5490,701
5491,769
5492,846
5493,1434
5494,699
5495,393
5496,371
5497,265
5499,136
5500,658
5501,1014
5502,1195
5503,1021
5504,650
5505,691
5506,92
5509,208
5510,633
5511,1348
5512,1034
5513,921
5514,659
5515,627
5516,110
5519,377
5520,887
5521,1092
5522,1138
5523,926
5524,552
5525,423
5526,83
5529,390
5530,826
5531,709
5532,885
5533,1131
5534,879
5535,622
5539,239
5540,507
5541,1061
5542,1134
5543,1183
5544,636
5545,652
5546,88
5550,598
5551,925
5552,512
5553,938
5554,990
5555,1156
5556,325
5561,361
5562,482
5563,570
5564,915
5565,1242
5566,1068
5567,792
5568,73
5572,11
5573,758
5574,1218
5575,929
5576,1031
5577,768
5578,594
5579,197
5582,392
5583,506
5584,1221
5585,1131
5586,977
5587,626
5588,598
5589,13
5592,207
5593,958
5594,951
5595,1153
5596,856
5597,696
5598,568
5602,496
5603,540
5604,1038
5605,983
5606,1023
5607,670
5608,756
5609,67
5612,166
5613,735
5614,1184
5615,1068
5616,875
5617,752
5618,690
5619,3
5622,302
5623,721
5624,606
5625,549
5626,1036
5627,914
5628,996
5629,358
5634,416
5635,626
5636,815
5637,501
5638,1104
5639,1018
5640,836
5641,92
5646,449
5647,514
5648,798
5649,1040
5650,885
5651,967
5652,795
5653,69
5657,247
5658,557
5659,1389
5660,1204
5661,879
5662,601
5663,581
5667,464
5668,722
5669,640
5670,1101
5671,1270
5672,795
5673,498
5678,548
5679,944
5680,787
5681,919
5682,1112
5683,717
5684,480
5688,114
5689,620
5690,1151
5691,1412
5692,687
5693,693
5694,729
5695,48
5698,222
5699,888
5700,786
5701,821
5702,1334
5703,727
5704,688
5705,38
5708,148
5709,539
5710,806
5711,903
5712,1133
5713,870
5714,732
5715,350
5719,76
5720,849
5721,1064
5722,1030
5723,1177
5724,614
5725,444
5726,164
5729,200
5730,601
5731,886
5732,539
5733,1275
5734,969
5735,836
5736,191
5740,41
5741,854
5742,664
5743,1195
5744,1126
5745,759
5746,792
5747,68
5751,551
5752,935
5753,518
5754,1137
5755,825
5756,855
5757,582
5758,85
5761,122
5762,467
5763,619
5764,1123
5765,1135
5766,1050
5767,604
5768,372
5772,139
5773,867
5774,661
5775,862
5776,1019
5777,818
5778,575
5779,376
5780,111
5783,224
5784,734
5785,459
5786,384
5787,976
5788,849
5789,925
5790,618
5791,319
5795,340
5796,1398
5797,1030
5798,1274
5799,630
5800,430
5801,375
5802,4
5804,232
5805,660
5806,1183
5807,870
5808,1275
5809,622
5810,643
5814,263
5815,1110
5816,1510
5817,879
5818,498
5819,624
5820,362
5821,255
5823,353
5824,928
5825,984
5826,980
5827,989
5828,747
5829,432
5833,505
5834,1183
5835,1312
5836,817
5837,737
5838,603
5839,344
5842,316
5843,1078
5844,936
5845,935
5846,1058
5847,808
5848,353
5852,419
5853,903
5854,1135
5855,1282
5856,799
5857,481
5858,404
5859,59
5862,516
5863,903
5864,724
5865,1101
5866,1000
5867,646
5868,564
5872,169
5873,662
5874,1139
5875,1181
5876,953
5877,566
5878,533
5879,280
5882,181
5883,774
5884,711
5885,550
5886,691
5887,1062
5888,1073
5889,341
5894,136
5895,589
5896,997
5897,1313
5898,1087
5899,696
5900,533
5901,245
5904,109
5905,776
5906,1141
5907,1126
5908,983
5909,669
5910,459
5911,184
5914,211
5915,680
5916,1306
5917,837
5918,1003
5919,833
5920,597
5924,592
5925,570
5926,476
5927,785
5928,1004
5929,974
5930,630
5931,437
5935,113
5936,801
5937,1058
5938,933
5939,1171
5940,559
5941,685
5942,228
5945,233
5946,700
5947,1024
5948,853
5949,1044
5950,880
5951,707
5956,492
5957,1280
5958,1161
5959,979
5960,662
5961,545
5962,335
5963,10
5965,439
5966,689
5967,600
5968,934
5969,1251
5970,829
5971,707
5972,51
5976,472
5977,1018
5978,516
5979,972
5980,882
5981,1053
5982,407
5983,106
5987,489
5988,566
5989,863
5990,1014
5991,1072
5992,917
5993,625
5998,714
5999,784
6000,633
6001,995
6002,1259
6003,630
6004,423
6008,5
6009,704
6010,843
6011,438
6012,1221
6013,959
6014,942
6015,414
6020,576
6021,682
6022,1098
6023,1028
6024,884
6025,621
6026,500
6027,2
6030,260
6031,1165
6032,1350
6033,805
6034,722
6035,690
6036,408
6037,89
6039,366
6040,744
6041,1035
6042,959
6043,1003
6044,609
6045,646
6046,123
6049,169
6050,729
6051,1237
6052,1135
6053,846
6054,617
6055,722
6056,18
6059,432
6060,866
6061,319
6062,908
6063,1139
6064,1074
6065,620
6066,191
6070,241
6071,879
6072,963
6073,799
6074,1304
6075,691
6076,559
6077,40
6080,221
6081,545
6082,1115
6083,1423
6084,769
6085,545
6086,704
6087,75
6090,233
6091,1331
6092,1182
6093,957
6094,663
6095,679
6096,376
6097,85
6099,295
6100,649
6101,862
6102,945
6103,1220
6104,876
6105,492
6106,53
6110,222
6111,946
6112,543
6113,427
6114,588
6115,632
6116,599
6117,232
6118,350
6119,535
6120,503
6126,258
6127,682
6128,796
6129,375
6130,658
6131,1109
6132,918
6133,380
6134,291
6139,719
6140,841
6141,998
6142,1113
6143,855
6144,696
6145,240
6149,373
6150,706
6151,866
6152,1104
6153,957
6154,881
6155,633
6160,590
6161,664
6162,592
6163,916
6164,1145
6165,939
6166,498
6167,109
6171,207
6172,1016
6173,947
6174,798
6175,869
6176,546
6177,816
6178,211
6179,77
6181,288
6182,467
6183,626
6184,406
6185,885
6186,1015
6187,633
6188,571
6189,421
6190,114
6193,296
6194,933
6195,466
6196,821
6197,945
6198,1208
6199,654
6200,170
6204,291
6205,539
6206,1153
6207,1179
6208,748
6209,902
6210,712
6214,162
6215,821
6216,571
6217,735
6218,1206
6219,639
6220,601
6221,657
6222,27
6225,313
6226,627
6227,1243
6228,1292
6229,709
6230,770
6231,522
6235,167
6236,945
6237,722
6238,934
6239,790
6240,694
6241,838
6242,359
6245,147
6246,512
6247,539
6248,437
6249,941
6250,835
6251,858
6252,790
6253,453
6257,231
6258,486
6259,625
6260,1118
6261,1169
6262,921
6263,652
6264,295
6268,189
6269,956
6270,791
6271,754
6272,972
6273,602
6274,1044
6275,176
6276,24
6278,150
6279,527
6280,523
6281,410
6282,804
6283,1181
6284,697
6285,565
6286,538
6290,132
6291,734
6292,736
6293,1093
6294,1077
6295,736
6296,726
6297,229
6301,410
6302,725
6303,520
6304,461
6305,974
6306,755
6307,833
6308,653
6309,177
6313,629
6314,538
6315,1083
6316,1020
6317,1060
6318,913
6319,304
6323,110
6324,757
6325,734
6326,511
6327,1057
6328,1149
6329,998
6330,123
6335,527
6336,726
6337,664
6338,668
6339,1026
6340,1254
6341,396
6342,190
6346,81
6347,489
6348,1142
6349,1250
6350,1080
6351,630
6352,605
6353,178
6356,127
6357,663
6358,1027
6359,1080
6360,1256
6361,641
6362,728
6366,149
6367,569
6368,1340
6369,1030
6370,861
6371,607
6372,518
6373,363
6374,28
6376,57
6377,678
6378,818
6379,762
6380,525
6381,914
6382,1159
6383,489
6384,30
6387,164
6388,295
6389,379
6390,1273
6391,1098
6392,998
6393,559
6394,727
6395,98
6398,290
6399,748
6400,796
6401,1064
6402,858
6403,932
6404,661
6405,33
6408,29
6409,658
6410,547
6411,769
6412,443
6413,944
6414,1095
6415,587
6416,320
6417,158
6421,324
6422,882
6423,457
6424,668
6425,1009
6426,984
6427,898
6428,209
6432,1
6433,525
6434,586
6435,785
6436,618
6437,1006
6438,1050
6439,284
6440,585
6444,73
6445,613
6446,734
6447,680
6448,1248
6449,1104
6450,629
6451,427
6455,223
6456,987
6457,1114
6458,864
6459,603
6460,587
6461,1026
6462,23
6465,316
6466,566
6467,441
6468,446
6469,461
6470,333
6471,796
6472,1019
6473,935
6474,248
6479,301
6480,887
6481,968
6482,948
6483,953
6484,996
6485,436
6489,82
6490,548
6491,600
6492,1237
6493,495
6494,839
6495,930
6496,689
6500,191
6501,369
6502,158
6503,1105
6504,1363
6505,1012
6506,550
6507,638
6508,114
6511,219
6512,1186
6513,1259
6514,920
6515,555
6516,779
6517,451
6518,101
6520,507
6521,740
6522,592
6523,832
6524,917
6525,847
6526,292
6527,518
6528,207
6531,215
6532,674
6533,1316
6534,999
6535,1022
6536,589
6537,581
6538,124
6541,395
6542,664
6543,1020
6544,944
6545,497
6546,1007
6547,845
6551,254
6552,531
6553,279
6554,1068
6555,1015
6556,1021
6557,608
6558,597
6559,185
6562,380
6563,497
6564,1162
6565,1118
6566,944
6567,863
6568,489
6572,105
6573,897
6574,528
6575,635
6576,726
6577,824
6578,1177
6579,327
6580,346
6584,158
6585,566
6586,1523
6587,934
6588,651
6589,680
6590,879
6591,65
6594,425
6595,637
6596,454
6597,384
6598,974
6599,749
6600,779
6601,626
6602,382
6606,265
6607,701
6608,682
6609,930
6610,891
6611,1233
6612,646
6613,205
6617,217
6618,695
6619,761
6620,482
6621,971
6622,1191
6623,819
6624,195
6625,134
6629,173
6630,907
6631,1001
6632,966
6633,1252
6634,704
6635,468
6639,160
6640,624
6641,801
6642,817
6643,1129
6644,473
6645,769
6646,714
6647,1
6650,202
6651,562
6652,479
6653,355
6654,1260
6655,884
6656,810
6657,609
6658,247
6662,281
6663,650
6664,802
6665,599
6666,871
6667,942
6668,583
6669,506
6670,205
6674,393
6675,468
6676,1092
6677,1159
6678,521
6679,870
6680,921
6681,95
6684,213
6685,600
6686,208
6687,820
6688,1314
6689,662
6690,867
6691,741
6692,71
6695,235
6696,1417
6697,1237
6698,926
6699,587
6700,468
6701,299
6702,324
6704,362
6705,760
6706,577
6707,826
6708,878
6709,1006
6710,530
6711,537
6715,331
6716,595
6717,1356
6718,1004
6719,916
6720,655
6721,566
6722,52
6725,437
6726,590
6727,708
6728,965
6729,1191
6730,902
6731,188
6732,410
6734,91
6736,215
6737,949
6738,1046
6739,863
6740,867
6741,726
6742,706
6743,111
6746,179
6747,649
6748,449
6749,447
6750,1251
6751,852
6752,785
6753,660
6754,209
6757,118
6758,589
6759,709
6760,867
6761,944
6762,827
6763,642
6764,555
6765,229
6768,83
6769,688
6770,613
6771,993
6772,1143
6773,927
6774,490
6775,491
6776,52
6779,211
6780,821
6781,1137
6782,970
6783,750
6784,807
6785,679
6786,74
6789,155
6790,606
6791,657
6792,812
6793,1400
6794,723
6795,343
6796,545
6797,30
6798,250
6800,140
6801,730
6802,1000
6803,1116
6804,1126
6805,552
6806,574
6807,240
6810,238
6811,563
6812,900
6813,665
6814,1203
6815,895
6816,756
6817,236
6821,149
6822,660
6823,960
6824,1258
6825,907
6826,492
6827,546
6828,345
6829,171
6831,276
6832,827
6833,890
6834,844
6835,577
6836,1254
6837,650
6838,123
6841,135
6842,534
6843,225
6844,1010
6845,1181
6846,630
6847,963
6848,613
6849,237
6852,460
6853,613
6854,639
6855,1004
6856,640
6857,507
6858,932
6859,607
6860,8
6862,121
6863,416
6864,472
6865,926
6866,1199
6867,735
6868,534
6869,672
6870,351
6871,16
6873,393
6874,848
6875,908
6876,933
6877,871
6878,859
6879,652
6880,60
6883,289
6884,515
6885,146
6886,650
6887,926
6888,1170
6889,797
6890,667
6891,260
6895,475
6896,441
6897,674
6898,1101
6899,531
6900,1092
6901,467
6902,577
6903,206
6906,499
6907,621
6908,897
6909,1273
6910,910
6911,600
6912,496
6913,161
6916,282
6917,748
6918,1089
6919,1381
6920,624
6921,595
6922,420
6923,355
6926,286
6927,919
6928,833
6929,787
6930,842
6931,1003
6932,556
6933,70
6934,105
6935,15
6936,128
6937,529
6938,300
6939,850
6940,1006
6941,1209
6942,641
6943,485
6944,162
6945,160
6946,11
6948,174
6949,752
6950,746
6951,1093
6952,816
6953,1051
6954,650
6955,222
6959,347
6960,573
6961,673
6962,411
6963,1011
6964,864
6965,636
6966,753
6967,165
6968,45
6971,283
6972,737
6973,609
6974,600
6975,596
6976,749
6977,1043
6978,343
6979,526
6980,10
6983,192
6984,609
6985,814
6986,500
6987,1128
6988,818
6989,1092
6990,222
6991,66
6995,443
6996,686
6997,1167
6998,805
6999,1118
7000,433
7001,623
7002,175
7005,51
7006,658
7007,726
7008,736
7009,1075
7010,586
7011,529
7012,560
7013,549
7014,62
7017,602
7018,577
7019,596
7020,358
7021,694
7022,975
7023,738
7024,652
7025,233
7029,58
7030,727
7031,774
7032,448
7033,684
7034,954
7035,1259
7036,384
7037,246
7039,16
7042,461
7043,659
7044,718
7045,448
7046,646
7047,1064
7048,850
7049,477
7050,107
7055,811
7056,569
7057,678
7058,987
7059,890
7060,914
7061,490
7062,183
7066,326
7067,527
7068,807
7069,478
7070,974
7071,1056
7072,609
7073,405
7074,230
7075,14
7078,602
7079,531
7080,531
7081,879
7082,881
7083,747
7084,893
7085,350
7087,34
7089,148
7090,575
7091,123
7092,684
7093,772
7094,738
7095,797
7096,1014
7097,255
7098,324
7099,77
7102,147
7103,563
7104,1227
7105,1320
7106,762
7107,653
7108,781
7109,9
7110,8
7112,202
7113,763
7114,508
7115,456
7116,880
7117,765
7118,943
7119,534
7120,389
7121,28
7124,258
7125,556
7126,1162
7127,1007
7128,580
7129,985
7130,768
7131,170
7134,265
7135,575
7136,294
7137,973
7138,1368
7139,483
7140,945
7141,590
7142,18
7145,165
7146,730
7147,455
7148,672
7149,766
7150,915
7151,903
7152,830
7153,40
7158,535
7159,1069
7160,1598
7161,695
7162,499
7163,697
7164,334
7167,259
7168,994
7169,351
7170,967
7171,1221
7172,670
7173,525
7174,495
7178,417
7179,662
7180,1261
7181,1153
7182,685
7183,750
7184,563
7186,1
7188,287
7189,913
7190,473
7191,672
7192,1000
7193,484
7194,608
7195,835
7196,173
7199,214
7200,546
7201,669
7202,410
7203,977
7204,844
7205,498
7206,844
7207,523
7211,223
7212,941
7213,443
7214,602
7215,558
7216,667
7217,1112
7218,699
7219,244
7222,128
7223,349
7224,104
7225,1489
7226,696
7227,782
7228,980
7229,667
7230,176
7233,208
7234,542
7235,170
7236,1219
7237,1218
7238,967
7239,586
7240,486
7241,143
7244,289
7245,536
7246,814
7247,395
7248,1000
7249,685
7250,595
7251,373
7252,810
7256,131
7257,622
7258,634
7259,905
7260,750
7261,646
7262,826
7263,771
7264,238
7267,578
7268,264
7269,246
7270,547
7271,771
7272,1018
7273,921
7274,707
7275,382
7280,604
7281,459
7282,1022
7283,1221
7284,788
7285,526
7286,525
7287,361
7290,221
7291,501
7292,791
7293,730
7294,1105
7295,852
7296,713
7297,502
7301,51
7302,612
7303,726
7304,910
7305,706
7306,512
7307,905
7308,774
7309,333
7312,128
7313,264
7314,160
7315,513
7316,775
7317,1070
7318,1150
7319,564
7320,572
7321,223
7324,115
7325,454
7326,915
7327,532
7328,823
7329,672
7330,442
7331,607
7332,644
7333,298
7336,285
7337,618
7338,420
7339,631
7340,573
7341,626
7342,702
7343,343
7344,779
7345,389
7346,75
7347,73
7349,466
7350,485
7351,375
7352,318
7353,897
7354,862
7355,842
7356,839
7357,235
7358,112
7361,84
7362,859
7363,552
7364,521
7365,491
7366,517
7367,912
7368,638
7369,739
7370,219
7374,105
7375,559
7376,730
7377,983
7378,714
7379,644
7380,575
7381,1132
7382,8
7385,58
7386,430
7387,422
7388,134
7389,1087
7390,629
7391,873
7392,809
7393,781
7394,162
7395,54
7398,190
7399,1044
7400,515
7401,891
7402,545
7403,962
7404,520
7405,442
7406,358
7407,54
7409,426
7410,410
7411,728
7412,831
7413,892
7414,1072
7415,803
7416,264
7417,7
7419,257
7420,272
7421,246
7422,1175
7423,1069
7424,711
7425,894
7426,799
7427,82
7430,247
7431,392
7432,593
7433,491
7434,1040
7435,810
7436,809
7437,685
7438,318
7442,409
7443,550
7444,584
7445,581
7446,758
7447,1193
7448,730
7449,311
7450,411
7451,35
7454,202
7455,580
7456,583
7457,1003
7458,635
7459,503
7460,434
7461,768
7462,598
7463,216
7465,243
7466,347
7467,387
7468,356
7469,602
7470,1252
7471,782
7472,542
7473,610
7474,340
7475,2
7477,119
7478,806
7479,643
7480,403
7481,718
7482,804
7483,903
7484,505
7485,515
7489,234
7490,617
7491,842
7492,523
7493,1117
7494,1052
7495,469
7496,254
7497,412
7501,404
7502,791
7503,347
7504,238
7505,849
7506,434
7507,780
7508,950
7509,698
7510,11
7512,11
7513,239
7514,443
7515,517
7516,781
7517,710
7518,973
7519,764
7520,248
7521,359
7522,105
7523,280
7525,73
7526,773
7527,643
7528,881
7529,558
7530,952
7531,1046
7532,601
7533,12
7536,337
7537,120
7538,221
7539,981
7540,874
7541,911
7542,542
7543,928
7544,497
7545,39
7547,98
7548,525
7549,576
7550,298
7551,701
7552,723
7553,755
7554,707
7555,529
7556,312
7557,220
7558,22
7559,204
7560,241
7561,464
7562,768
7563,690
7564,315
7565,965
7566,644
7567,419
7568,413
7569,294
7571,279
7572,421
7573,292
7574,543
7575,468
7576,339
7577,850
7578,845
7579,325
7580,661
7581,225
7582,263
7585,53
7586,743
7587,362
7588,300
7589,660
7590,329
7591,567
7592,568
7593,444
7594,434
7595,483
7596,137
7597,178
7599,268
7600,586
7601,379
7602,314
7603,482
7604,429
7605,498
7606,342
7607,309
7608,305
7609,429
7610,205
7611,278
7612,206
7613,333
7614,6
7615,2
7616,209
7617,153
7618,315
7619,65
7620,714
7621,445
7622,413
7623,366
7624,297
7625,725
7626,688
7627,412
7628,291
7629,299
7630,211
7631,84
7632,38
7633,215
7634,527
7635,460
7636,346
7637,495
7638,397
7639,401
7640,290
7641,402
7642,196
7643,358
7644,79
7645,85
7646,434
7647,60
7648,105
7649,144
7650,214
7651,181
7652,286
7653,188
7654,635
7655,297
7656,129
7657,396
7658,289
7659,489
7660,166
7661,406
7662,672
7663,526
7664,128
7665,389
7666,160
7667,205
7668,6
7669,140
7670,279
7671,597
7672,240
7673,345
7674,400
7675,157
7676,434
7677,118
7678,655
7679,368
7680,241
7681,516
7682,414
7683,218
7684,87
7685,330
7686,305
7687,305
7688,188
7689,306
7690,442
7691,289
7692,342
7693,354
7694,547
7695,139
7696,735
7697,465
7698,314
7699,135
7700,295
7701,256
7702,51
7703,57
7704,401
7705,392
7706,410
7707,259
7708,376
7709,468
7710,408
7711,551
7712,1016
7713,227
7714,401
7715,512
7716,54
7717,37
7718,102
7719,234
7720,730
7721,253
7722,347
7723,497
7724,423
7725,264
7726,789
7727,402
7728,435
7729,226
7730,446
7731,172
7733,73
7734,327
7735,446
7736,323
7737,383
7738,496
7739,433
7740,407
7741,245
7742,824
7743,549
7744,218
7745,416
7746,325
7747,34
7748,91
7749,84
7750,194
7751,485
7752,446
7753,296
7754,747
7755,254
7756,701
7757,689
7758,245
7759,423
7760,449
7761,115
7763,151
7764,260
7765,453
7766,412
7767,297
7768,694
7769,459
7770,290
7771,656
7772,430
7773,339
7774,542
7775,248
7776,133
7777,217
7778,127
7779,262
7780,413
7781,316
7782,588
7783,435
7784,279
7785,405
7786,318
7787,241
7788,280
7789,380
7790,135
7791,131
7792,286
7793,378
7794,128
7795,3
7796,312
7797,318
7798,185
7799,199
7800,136
7801,387
7802,528
7803,252
7804,539
7805,415
7806,97
7807,368
7808,273
7809,263
7810,341
7811,9
7812,351
7813,329
7814,394
7815,132
7816,245
7817,111
7820,220
7821,557
7822,671
7823,1150
7824,1004
7825,824
7826,332
7827,237
7828,390
7829,25
7831,45
7832,351
7833,58
7834,761
7835,736
7836,497
7837,472
7838,691
7839,398
7840,503
7841,346
7842,123
7843,264
7844,341
7845,214
7846,525
7847,463
7848,338
7849,462
7850,160
7851,340
7852,356
7853,194
7854,560
7855,470
7856,351
7857,113
7858,8
7859,175
7860,21
7861,15
7862,272
7863,463
7864,613
7865,425
7866,277
7867,361
7868,106
7869,126
7870,252
7871,295
7872,726
7873,919
7874,279
7875,271
7876,307
7877,14
7878,166
7880,335
7881,464
7882,960
7883,706
7884,728
7885,611
7886,531
7887,572
7888,348
7889,203
7890,2
7891,199
7892,365
7893,74
7894,681
7895,867
7896,1153
7897,548
7898,484
7899,392
7900,561
7901,17
7902,33
7904,536
7905,713
7906,406
7907,169
7908,435
7909,163
7910,489
7911,441
7912,277
7913,607
7914,402
7915,206
7916,222
7917,16
7918,299
7919,277
7920,86
7921,621
7922,159
7923,408
7924,484
7925,155
7926,397
7927,209
7928,149
7929,478
7930,338
7931,109
7932,131
7933,521
7934,579
7935,250
7936,76
7937,110
7939,1
7941,280
7942,771
7943,916
7944,474
7945,972
7946,765
7947,469
7948,583
7949,281
7951,225
7952,239
7953,626
7954,1052
7955,644
7956,535
7957,478
7958,314
7959,519
7960,508
7961,56
7962,297
7963,279
7964,337
7965,477
7966,277
7967,611
7968,881
7969,608
7970,232
7971,583
7972,64
7973,444
7974,638
7976,100
7977,413
7978,401
7979,582
7980,725
7981,108
7982,306
7983,234
7984,419
7985,750
7986,341
7987,346
7988,163
7990,162
7991,101
7992,211
7993,499
7994,482
7995,269
7996,537
7997,244
7998,152
7999,365
8000,146
8001,487
8002,377
8003,516
8004,231
8005,205
8006,351
8007,161
8008,85
8009,146
8010,200
8011,481
8012,140
8013,591
8014,159
8015,672
8016,59
8017,543
8018,107
8019,332
8020,206
8021,181
8022,271
8023,45
8024,473
8025,78
8026,411
8027,203
8028,32
8029,514
8030,4
8032,194
8033,178
8034,213
8035,1009
8036,524
8037,287
8038,416
8039,374
8040,851
8041,353
8043,81
8044,270
8045,65
8046,251
8047,707
8048,93
8049,473
8050,154
8051,300
8052,976
8053,653
8054,495
8055,316
8056,560
8057,429
8058,369
8059,349
8061,160
8062,537
8063,319
8064,383
8065,747
8066,570
8067,488
8068,473
8069,479
8070,358
8071,120
8072,278
8073,469
8074,385
8075,218
8076,1260
8077,368
8078,421
8079,441
8080,131
8081,624
8082,444
8083,316
8084,319
8085,323
8087,209
8088,261
8089,189
8090,444
8091,368
8092,469
8093,458
8094,472
8095,552
8096,911
8097,11
8098,193
8099,130
8100,160
8101,574
8102,320
8103,311
8104,398
8105,404
8106,403
8107,422
8108,1
8109,700
8110,256
8111,79
8112,281
8113,199
8114,224
8115,39
8346,167
8347,40
8348,80
8349,214
8350,2
8351,127
8352,55
8353,249
8354,118
8355,290
8356,234
8357,556
8358,239
8359,291
8360,205
8361,266
8362,344
8363,328
8364,803
8365,659
8366,552
8367,475
8368,203
8369,120
8370,1
8371,112
8372,542
8373,303
8374,534
8375,860
8376,425
8377,904
8378,681
8379,376
8380,516
8381,141
8382,5
8383,51
8384,241
8385,384
8386,834
8387,408
8388,794
8389,623
8390,456
8391,810
8392,271
8393,380
8394,286
8396,117
8397,538
8398,182
8399,722
8400,664
8401,565
8402,876
8403,495
8404,311
8405,386
8406,449
8407,151
8409,242
8410,302
8411,614
8412,330
8413,600
8414,877
8415,600
8416,880
8417,508
8418,289
8419,196
8421,78
8422,226
8423,124
8424,472
8425,596
8426,647
8427,793
8428,476
8429,303
8430,3
8431,599
8432,195
8433,405
8434,392
8436,59
8437,705
8438,287
8439,394
8440,952
8441,375
8442,476
8443,294
8444,450
8445,308
8446,270
8447,149
8448,377
8449,733
8450,803
8451,642
8452,294
8453,469
8454,268
8456,287
8457,473
8458,257
8459,468
8460,619
8461,84
8462,148
8463,1
8464,6
8465,465
8466,477
8467,48
8468,856
8469,437
8470,282
8471,683
8472,448
8473,387
8474,411
8475,84
8476,360
8477,60
8478,436
8479,352
8480,435
8481,438
8482,416
8483,387
8484,585
8485,45
8486,616
8487,719
8488,340
8489,514
8490,233
8491,423
8492,46
8494,342
8495,439
8496,192
8497,764
8498,523
8499,689
8500,449
8501,621
8502,214
8503,273
8504,638
8505,212
8506,153
8507,207
8508,104
8509,534
8510,338
8511,296
8512,367
8513,677
8514,341
8515,993
8516,593
8517,246
8518,217
8519,66
8520,193
8521,218
8522,47
8523,115
8524,817
8525,220
8526,376
8527,651
8528,488
8529,627
8530,151
8531,438
8532,425
8533,462
8535,251
8536,517
8537,320
8538,910
8539,531
8540,450
8541,268
8542,328
8543,422
8544,389
8545,209
8546,352
8547,285
8548,301
8549,116
8550,78
8551,449
8552,300
8553,343
8554,566
8555,611
8556,818
8557,529
8558,600
8559,517
8560,308
8561,102
8562,38
8563,135
8564,115
8565,439
8566,247
8567,389
8568,183
8569,311
8570,123
8571,356
8572,153
8573,854
8574,443
8575,693
8576,265
8577,162
8578,285
8579,125
8580,113
8581,86
8582,480
8583,476
8584,450
8585,365
8586,364
8587,449
8588,292
8589,518
8590,184
8591,451
8592,154
8593,59
8594,200
8595,37
8596,69
8597,435
8598,257
8599,197
8600,284
8601,107
8602,382
8603,395
8604,309
8605,782
8606,298
8607,669
8608,324
8609,210
8610,494
8611,274
8612,90
8613,240
8614,23
8615,166
8616,571
8617,402
8618,317
8619,442
8620,110
8621,503
8622,283
8623,377
8624,488
8625,267
8626,358
8627,250
8628,371
8629,258
8631,169
8632,291
8633,237
8634,438
8635,487
8636,289
8637,715
8638,150
8639,228
8640,557
8641,287
8642,751
8643,242
8644,145
8645,278
8646,61
8647,97
8648,193
8649,310
8650,393
8651,404
8652,402
8653,320
8654,367
8655,354
8656,423
8657,290
8658,630
8659,408
8660,426
8661,220
8662,135
8663,151
8664,219
8665,21
8666,318
8667,300
8668,192
8669,263
8670,315
8671,434
8672,340
8673,425
8674,340
8675,742
8676,454
8677,305
8678,396
8679,323
8680,161
8681,55
8682,135
8683,156
8684,418
8685,310
8686,166
8687,560
8688,204
8689,332
8690,297
8691,498
8692,378
8693,420
8694,159
8695,387
8696,115
8697,336
8698,124
8699,192
8700,236
8701,238
8702,147
8703,339
8704,198
8705,289
8706,650
8707,257
8708,412
8709,141
8710,495
8711,195
8712,393
8713,323
8714,216
8715,357
8716,473
8717,132
8718,171
8719,141
8721,189
8722,95
8723,324
8724,188
8725,226
8726,356
8727,288
8728,406
8729,415
8730,333
8731,497
8732,452
8733,255
8734,438
8735,229
8736,242
8737,57
8738,175
8739,273
8740,336
8741,442
8742,220
8743,141
8744,395
8745,343
8746,191
8747,240
8748,498
8749,374
8750,366
8751,265
8752,213
8753,242
8754,171
8755,87
8756,121
8757,360
8758,202
8759,430
8760,582
8761,219
8762,286
8763,183
8764,391
8765,397
8766,325
8767,395
8768,205
8769,353
8770,271
8771,141
8772,359
8773,106
8774,85
8775,315
8776,168
8777,185
8778,234
8779,382
8780,336
8781,136
8782,322
8783,321
8784,221
8785,180
8786,212
8787,229
8788,289
8789,244
8790,392
8791,174
8792,293
8793,145
8794,118
8795,98
8796,125
8797,130
8798,232
8799,307
8800,413
8801,114
8802,492
8803,189
8804,190
8805,229
8806,314
8807,184
8808,150
8809,248
8810,210
8811,213
8812,201
8813,215
8814,374
8815,204
8816,330
8817,94
8818,118
8819,132
8820,53
8821,46
8822,291
8823,289
8824,188
8825,205
8826,70
8827,385
8828,271
8829,206
8830,244
8831,118
8832,188
8833,68
8834,201
8835,110
8836,150
8837,40
8838,116
8839,112
8840,329
8841,318
8842,31
8843,1
8847,151
8848,172
8849,573
8850,305
8851,125
8852,197
8854,61
8855,180
8856,184
8857,126
8876,7
8877,246
8878,250
8879,232
8885,99
8886,41
8887,44
8888,349
8889,486
8890,468
8891,460
8892,627
8893,246
8897,38
8898,185
8899,494
8900,400
8901,669
8902,513
8903,332
8904,176
8907,155
8908,146
8909,486
8910,290
8911,449
8912,603
8913,596
8914,44
8917,83
8918,310
8919,357
8920,125
8921,313
8922,325
8923,529
8924,397
8925,235
8926,70
8928,1
8930,65
8931,185
8932,332
8933,496
8934,618
8935,396
8936,396
8937,358
8938,38
8940,20
8941,131
8942,164
8943,246
8944,474
8945,573
8946,596
8947,310
8948,203
8952,71
8953,132
8954,142
8955,331
8956,427
8957,662
8958,837
8959,147
8963,153
8964,73
8965,198
8966,397
8967,502
8968,392
8969,406
8970,427
8971,240
8972,1
8974,68
8975,332
8976,192
8977,258
8978,235
8979,522
8980,397
8981,282
8982,251
8983,92
8984,186
8985,68
8986,257
8987,130
8988,208
8989,149
8990,153
8991,274
8992,242
8993,134
8994,313
8995,336
8996,238
8997,279
8998,161
8999,94
9000,118
9001,109
9002,183
9003,187
9004,259
9005,400
9006,197
9007,56
9008,76
9009,71
9010,205
9011,274
9012,262
9013,268
9014,309
9015,146
9016,54
9017,61
9018,129
9019,81
9020,168
9021,230
9022,231
9023,251
9024,198
9025,292
9026,240
9027,154
9028,208
9029,288
9030,108
9031,50
9032,53
9033,122
9034,206
9035,183
9036,223
9037,192
9038,191
9039,199
9040,144
9041,142
9042,196
9043,161
9044,188
9045,194
9046,254
9047,216
9048,162
9049,105
9050,73
9051,121
9052,55
9053,64
9054,135
9055,229
9056,186
9057,275
9058,191
9059,159
9060,241
9061,195
9062,243
9063,195
9064,181
9065,146
9066,154
9067,181
9068,176
9069,115
9070,110
9071,98
9072,51
9073,148
9075,107
9076,7
9077,50
9078,56
9079,54
9258,20
9259,45
9260,32
9261,73
9262,59
9263,17
9264,7
9265,34
9266,50
9267,88
9268,134
9269,115
9270,106
9271,163
9272,62
9273,116
9274,199
9275,128
9276,143
9277,81
9278,77
9279,104
9280,73
9281,94
9282,104
9283,90
9284,117
9285,123
9286,160
9287,141
9288,84
9289,59
9290,29
9291,31
9292,11
9293,5
9294,52
9295,66
9296,90
9297,108
9298,120
9299,46
9300,69
9301,66
9302,19
9303,22
9319,4
9320,14
9324,3
9328,48
9330,2
9331,2
9332,1
9336,2
9337,11
9338,1
9339,2
9340,11
9341,2
9342,4
9345,4
9346,2
9347,4
9348,12
9349,15
9350,3
9355,12
9356,11
9357,5
9358,5
9359,16
9364,1
9367,14
9368,2
9376,51
9377,7
9378,3
9379,16
9380,17
9381,2
9382,6
9383,1
9391,35
9392,4
9399,4
9400,42
9401,2
9402,14
9403,2
9408,2
9409,54
9410,10
9412,8
9413,1
9417,15
9418,10
9419,33
9420,1
9421,3
9422,5
9426,2
9428,69
9429,6
9430,13
9431,4
9432,27
9437,14
9439,9
9440,5
9442,1
9448,57
9449,26
9450,21
9451,24
9458,40
9460,16
9461,591
9462,51
9467,40
9468,56
9469,1
9470,5
9471,211
9472,442
9477,23
9478,1
9480,100
9481,187
9482,471
9483,9
9484,10
9485,3
9491,28
9492,28
9493,11
9494,16
9495,10
