t,f
1,15
2,41
3,37
4,22
5,15
6,16
7,24
8,24
9,63
10,42
11,24
12,61
13,95
14,55
15,66
16,44
17,40
18,88
19,88
20,63
21,70
22,119
23,125
24,103
25,132
26,124
27,149
28,89
29,95
30,45
31,214
32,103
33,95
34,65
35,98
36,102
37,113
38,121
39,201
40,187
41,137
42,151
43,187
44,241
45,190
46,271
47,93
48,137
49,123
50,194
51,109
52,112
53,159
54,156
55,180
56,231
57,156
58,184
59,138
60,248
61,146
62,86
63,182
64,287
65,121
66,138
67,213
68,261
69,175
70,211
71,274
72,256
73,172
74,204
75,140
76,106
77,189
78,135
79,110
80,318
81,211
82,207
83,305
84,310
85,114
86,176
87,190
88,165
89,136
90,209
91,143
92,98
93,301
94,242
95,137
96,173
97,249
98,171
99,195
100,165
101,210
102,155
103,182
104,231
105,204
106,244
107,209
108,189
109,153
110,317
111,88
112,222
113,143
114,233
115,184
116,182
117,96
118,246
119,233
120,155
121,137
122,155
123,178
124,202
125,124
126,231
127,169
128,147
129,102
130,111
131,138
132,218
133,174
134,104
135,269
136,147
137,162
138,79
139,199
140,124
141,158
142,202
143,168
144,137
145,172
146,114
147,147
148,72
149,213
150,196
151,96
152,220
153,140
154,196
155,230
156,166
157,174
158,159
159,174
160,200
161,144
162,160
163,214
164,126
165,145
166,220
167,161
168,162
169,242
170,134
171,199
172,158
173,168
174,190
175,168
176,218
177,106
178,114
179,232
180,179
181,140
182,203
183,149
184,138
185,334
186,147
187,182
188,103
189,222
190,183
191,75
192,136
193,199
194,93
195,203
196,226
197,75
198,139
199,135
200,105
201,205
202,226
203,122
204,56
205,35
206,105
207,126
208,142
209,114
210,97
211,137
212,184
213,143
214,97
215,221
216,81
217,105
218,120
219,339
220,161
221,92
222,72
223,104
224,116
225,217
226,101
227,190
228,132
229,55
230,68
231,150
232,98
233,53
234,54
235,138
236,164
237,152
238,208
239,93
240,162
241,129
242,173
243,146
244,234
245,134
246,287
247,132
248,122
249,136
250,145
251,180
252,154
253,220
254,88
255,227
256,164
257,186
258,92
259,249
260,182
261,82
262,130
263,221
264,67
265,190
266,242
267,77
268,205
269,196
270,128
271,243
272,69
273,222
274,248
275,103
276,209
277,231
278,59
279,227
280,110
281,133
282,254
283,157
284,193
285,147
286,160
287,166
288,73
289,180
290,157
291,127
292,186
293,159
294,58
295,201
296,137
297,198
298,241
299,149
300,29
301,93
302,160
303,84
304,79
305,49
306,90
307,145
308,144
309,59
310,266
311,240
312,132
313,92
314,242
315,307
316,140
317,213
318,191
319,132
320,78
321,160
322,115
323,139
324,178
325,81
326,137
327,188
328,154
329,167
330,227
331,160
332,191
333,180
334,115
335,197
336,220
337,65
338,118
339,203
340,187
341,59
342,103
343,184
344,145
345,127
346,256
347,132
348,99
349,83
350,137
351,167
352,70
353,182
354,125
355,96
356,156
357,185
358,107
359,168
360,172
361,155
362,170
363,144
364,118
365,146
366,87
367,211
368,157
369,82
370,141
371,168
372,98
373,83
374,162
375,91
376,135
377,57
378,71
379,223
380,177
381,162
382,90
383,188
384,73
385,112
386,266
387,228
388,95
389,208
390,75
391,167
392,152
393,199
394,184
395,159
396,234
397,181
398,108
399,202
400,143
401,117
402,234
403,119
404,86
405,218
406,118
407,184
408,212
409,167
410,197
411,146
412,133
413,153
414,83
415,191
416,101
417,212
418,63
419,189
420,158
421,57
422,205
423,247
424,86
425,137
426,151
427,40
428,140
429,49
430,76
431,160
432,227
433,111
434,101
435,154
436,260
437,137
438,152
439,80
440,305
441,309
442,268
443,194
444,184
445,206
446,49
447,183
448,338
449,76
450,126
451,271
452,96
453,222
454,259
455,183
456,222
457,185
458,171
459,85
460,167
461,216
462,126
463,121
464,266
465,92
466,125
467,185
468,141
469,122
470,214
471,242
472,73
473,151
474,193
475,86
476,119
477,128
478,170
479,101
480,252
481,176
482,104
483,156
484,286
485,83
486,91
487,124
488,218
489,278
490,280
491,157
492,240
493,208
494,205
495,211
496,209
497,262
498,168
499,89
500,160
501,277
502,101
503,215
504,159
505,203
506,278
507,157
508,183
509,185
510,129
511,181
512,193
513,213
514,186
515,194
516,134
517,250
518,162
519,169
520,124
521,102
522,170
523,228
524,61
525,154
526,247
527,86
528,168
529,227
530,120
531,222
532,155
533,25
534,78
535,97
536,133
537,92
538,34
539,171
540,108
541,113
542,177
543,129
544,227
545,179
546,91
547,96
548,118
549,75
550,133
551,53
552,83
553,83
554,125
555,122
556,181
557,337
558,59
559,143
560,184
561,400
562,119
563,92
564,88
565,92
566,103
567,109
568,95
569,98
570,141
571,78
572,95
573,229
574,153
575,152
576,217
577,249
578,176
579,136
580,187
581,261
582,184
583,116
584,134
585,150
586,190
587,65
588,150
589,146
590,96
591,159
592,190
593,112
594,260
595,104
596,116
597,172
598,85
599,136
600,84
601,54
602,115
603,75
604,87
605,108
606,115
607,242
608,239
609,121
610,108
611,249
612,104
613,132
614,219
615,110
616,138
617,105
618,277
619,183
620,75
621,231
622,162
623,147
624,307
625,70
626,103
627,222
628,104
629,128
630,168
631,93
632,169
633,162
634,160
635,237
636,122
637,190
638,128
639,51
640,155
641,67
642,78
643,69
644,123
645,118
646,153
647,129
648,209
649,198
650,169
651,120
652,166
653,167
654,128
655,82
656,112
657,230
658,168
659,87
660,236
661,133
662,121
663,220
664,150
665,67
666,186
667,214
668,140
669,125
670,157
671,116
672,71
673,302
674,133
675,117
676,225
677,134
678,157
679,131
680,250
681,192
682,166
683,161
684,244
685,106
686,177
687,154
688,155
689,212
690,147
691,190
692,226
693,172
694,104
695,326
696,121
697,258
698,143
699,121
700,165
701,191
702,106
703,236
704,148
705,76
706,267
707,90
708,129
709,136
710,126
711,219
712,96
713,172
714,144
715,86
716,148
717,92
718,171
719,240
720,74
721,77
722,127
723,75
724,158
725,82
726,70
727,231
728,268
729,116
730,183
731,140
732,158
733,116
734,277
735,175
736,191
737,129
738,85
739,162
740,119
741,209
742,120
743,96
744,127
745,145
746,133
747,114
748,130
749,110
750,206
751,159
752,177
753,187
754,196
755,189
756,199
757,278
758,141
759,170
760,223
761,80
762,153
763,186
764,84
765,124
766,218
767,123
768,218
769,146
770,160
771,222
772,120
773,143
774,205
775,88
776,181
777,234
778,49
779,284
780,124
781,105
782,246
783,88
784,190
785,185
786,114
787,198
788,137
789,40
790,167
791,143
792,155
793,118
794,135
795,169
796,93
797,127
798,119
799,279
800,164
801,140
802,56
803,176
804,66
805,61
806,71
807,51
808,98
809,98
810,117
811,150
812,160
813,116
814,121
815,171
816,253
817,121
818,77
819,161
820,131
821,149
822,174
823,125
824,258
825,105
826,266
827,166
828,211
829,200
830,242
831,180
832,84
833,317
834,214
835,104
836,165
837,187
838,90
839,126
840,98
841,209
842,177
843,92
844,205
845,177
846,113
847,111
848,132
849,78
850,185
851,87
852,75
853,76
854,106
855,157
856,199
857,236
858,88
859,139
860,160
861,132
862,298
863,193
864,38
865,310
866,209
867,124
868,143
869,209
870,191
871,222
872,155
873,191
874,177
875,214
876,182
877,190
878,194
879,172
880,143
881,156
882,152
883,238
884,152
885,229
886,189
887,138
888,152
889,170
890,206
891,149
892,147
893,183
894,111
895,178
896,128
897,164
898,216
899,176
900,245
901,158
902,169
903,229
904,121
905,193
906,138
907,147
908,188
909,136
910,212
911,172
912,149
913,159
914,173
915,148
916,203
917,190
918,167
919,176
920,161
921,171
922,120
923,206
924,218
925,200
926,167
927,145
928,204
929,110
930,140
931,134
932,185
933,239
934,116
935,185
936,164
937,203
938,207
939,87
940,224
941,89
942,222
943,119
944,190
945,190
946,105
947,230
948,166
949,181
950,106
951,204
952,129
953,184
954,178
955,120
956,280
957,179
958,119
959,82
960,154
961,205
962,102
963,106
964,165
965,61
966,188
967,67
968,209
969,169
970,143
971,79
972,102
973,90
974,74
975,58
976,55
977,79
978,142
979,102
980,67
981,160
982,280
983,124
984,73
985,140
986,236
987,164
988,159
989,127
990,141
991,107
992,130
993,200
994,164
995,160
996,115
997,136
998,204
999,124
1000,210
1001,137
1002,168
1003,158
1004,121
1005,172
1006,119
1007,192
1008,125
1009,137
1010,176
1011,237
1012,134
1013,168
1014,158
1015,156
1016,163
1017,152
1018,205
1019,181
1020,149
1021,158
1022,103
1023,122
1024,255
1025,89
1026,184
1027,142
1028,172
1029,100
1030,106
1031,128
1032,174
1033,103
1034,236
1035,144
1036,124
1037,169
1038,103
1039,162
1040,199
1041,151
1042,200
1043,158
1044,161
1045,186
1046,44
1047,178
1048,142
1049,173
1050,217
1051,91
1052,193
1053,163
1054,81
1055,223
1056,220
1057,244
1058,171
1059,144
1060,239
1061,125
1062,134
1063,212
1064,53
1065,194
1066,150
1067,50
1068,237
1069,134
1070,119
1071,178
1072,142
1073,163
1074,82
1075,205
1076,168
1077,105
1078,147
1079,178
1080,64
1081,206
1082,230
1083,120
1084,187
1085,165
1086,135
1087,159
1088,220
1089,131
1090,79
1091,190
1092,129
1093,210
1094,181
1095,203
1096,157
1097,101
1098,196
1099,122
1100,229
1101,151
1102,198
1103,136
1104,181
1105,203
1106,136
1107,233
1108,162
1109,148
1110,135
1111,135
1112,166
1113,208
1114,190
1115,182
1116,164
1117,159
1118,127
1119,228
1120,127
1121,114
1122,209
1123,183
1124,114
1125,190
1126,124
1127,148
1128,151
1129,201
1130,179
1131,121
1132,158
1133,119
1134,63
1135,149
1136,152
1137,97
1138,222
1139,72
1140,117
1141,134
1142,104
1143,122
1144,75
1145,77
1146,272
1147,134
1148,77
1149,166
1150,127
1151,87
1152,246
1153,62
1154,63
1155,143
1156,84
1157,108
1158,230
1159,189
1160,250
1161,179
1162,179
1163,346
1164,241
1165,197
1166,157
1167,322
1168,248
1169,163
1170,156
1171,99
1172,85
1173,129
1174,161
1175,229
1176,157
1177,153
1178,177
1179,111
1180,198
1181,140
1182,161
1183,129
1184,188
1185,98
1186,129
1187,203
1188,135
1189,157
1190,72
1191,88
1192,196
1193,141
1194,116
1195,120
1196,116
1197,103
1198,98
1199,304
1200,216
1201,202
1202,25
1203,88
1204,96
1205,88
1206,74
1207,89
1208,121
1209,193
1210,72
1211,116
1212,224
1213,294
1214,122
1215,136
1216,249
1217,263
1218,127
1219,91
1220,303
1221,179
1222,154
1223,137
1224,228
1225,185
1226,147
1227,108
1228,197
1229,153
1230,158
1231,170
1232,102
1233,132
1234,230
1235,159
1236,155
1237,164
1238,75
1239,131
1240,120
1241,158
1242,153
1243,183
1244,142
1245,120
1246,93
1247,200
1248,36
1249,134
1250,75
1251,35
1252,101
1253,124
1254,88
1255,80
1256,141
1257,205
1258,141
1259,99
1260,238
1261,113
1262,192
1263,165
1264,104
1265,145
1266,160
1267,151
1268,188
1269,195
1270,160
1271,196
1272,151
1273,118
1274,134
1275,142
1276,256
1277,191
1278,56
1279,315
1280,145
1281,63
1282,235
1283,168
1284,111
1285,176
1286,124
1287,154
1288,92
1289,106
1290,163
1291,119
1292,157
1293,209
1294,54
1295,179
1296,55
1297,157
1298,197
1299,57
1300,184
1301,195
1302,70
1303,241
1304,106
1305,75
1306,143
1307,66
1308,210
1309,171
1310,143
1311,190
1312,120
1313,101
1314,157
1315,122
1316,178
1317,109
1318,138
1319,176
1320,122
1321,161
1322,152
1323,104
1324,194
1325,74
1326,116
1327,188
1328,121
1329,143
1330,53
1331,165
1332,137
1333,106
1334,129
1335,169
1336,121
1337,213
1338,129
1339,107
1340,273
1341,114
1342,96
1343,72
1344,69
1345,28
1346,138
1347,46
1348,130
1349,184
1350,144
1351,182
1352,234
1353,166
1354,236
1355,156
1356,145
1357,359
1358,138
1359,173
1360,116
1361,136
1362,147
1363,114
1364,94
1365,111
1366,145
1367,90
1368,155
1369,93
1370,229
1371,138
1372,150
1373,168
1374,133
1375,161
1376,138
1377,214
1378,119
1379,149
1380,77
1381,124
1382,98
1383,107
1384,190
1385,45
1386,150
1387,136
1388,104
1389,248
1390,106
1391,87
1392,150
1393,110
1394,69
1395,151
1396,74
1397,103
1398,152
1399,107
1400,132
1401,154
1402,316
1403,123
1404,118
1405,185
1406,184
1407,118
1408,63
1409,146
1410,104
1411,166
1412,179
1413,124
1414,172
1415,156
1416,168
1417,163
1418,110
1419,213
1420,96
1421,130
1422,109
1423,82
1424,152
1425,75
1426,92
1427,167
1428,51
1429,351
1430,174
1431,68
1432,151
1433,123
1434,78
1435,91
1436,108
1437,179
1438,80
1439,58
1440,120
1441,147
1442,265
1443,212
1444,131
1445,139
1446,233
1447,132
1448,101
1449,112
1450,82
1451,193
1452,63
1453,204
1454,153
1455,106
1456,132
1457,107
1458,163
1459,160
1460,120
1461,188
1462,189
1463,116
1464,153
1465,97
1466,188
1467,123
1468,148
1469,127
1470,140
1471,119
1472,150
1473,162
1474,113
1475,128
1476,88
1477,122
1478,114
1479,106
1480,44
1481,168
1482,80
1483,172
1484,266
1485,147
1486,111
1487,96
1488,37
1489,113
1490,88
1491,88
1492,99
1493,106
1494,83
1495,179
1496,199
1497,167
1498,176
1499,239
1500,130
1501,198
1502,261
1503,126
1504,163
1505,64
1506,287
1507,104
1508,170
1509,142
1510,73
1511,159
1512,139
1513,60
1514,108
1515,91
1516,75
1517,156
1518,111
1519,256
1520,122
1521,95
1522,165
1523,99
1524,57
1525,150
1526,63
1527,42
1528,52
1529,101
1530,112
1531,86
1532,213
1533,290
1534,161
1535,57
1536,165
1537,222
1538,147
1539,85
1540,154
1541,135
1542,68
1543,100
1544,163
1545,75
1546,152
1547,220
1548,62
1549,140
1550,180
1551,102
1552,166
1553,74
1554,82
1555,149
1556,103
1557,165
1558,128
1559,195
1560,153
1561,69
1562,161
1563,173
1564,52
1565,171
1566,129
1567,31
1568,118
1569,63
1570,101
1571,107
1572,236
1573,86
1574,161
1575,115
1576,259
1577,219
1578,170
1579,245
1580,123
1581,118
1582,156
1583,81
1584,147
1585,105
1586,123
1587,136
1588,141
1589,190
1590,114
1591,196
1592,139
1593,160
1594,80
1595,285
1596,105
1597,241
1598,139
1599,91
1600,148
1601,106
1602,153
1603,110
1604,66
1605,160
1606,115
1607,73
1608,196
1609,49
1610,157
1611,305
1612,150
1613,128
1614,88
1615,62
1616,211
1617,39
1618,74
1619,77
1620,70
1621,126
1622,130
1623,295
1624,150
1625,123
1626,78
1627,237
1628,155
1629,192
1630,104
1631,165
1632,100
1633,132
1634,156
1635,134
1636,126
1637,114
1638,144
1639,121
1640,134
1641,56
1642,162
1643,96
1644,206
1645,171
1646,181
1647,167
1648,101
1649,133
1650,102
1651,200
1652,93
1653,225
1654,172
1655,181
1656,159
1657,159
1658,139
1659,142
1660,155
1661,156
1662,131
1663,155
1664,135
1665,162
1666,97
1667,149
1668,155
1669,172
1670,100
1671,201
1672,81
1673,137
1674,191
1675,74
1676,197
1677,169
1678,122
1679,160
1680,67
1681,104
1682,141
1683,46
1684,200
1685,161
1686,153
1687,198
1688,110
1689,64
1690,159
1691,117
1692,80
1693,161
1694,161
1695,176
1696,62
1697,147
1698,88
1699,162
1700,108
1701,127
1702,76
1703,97
1704,184
1705,97
1706,142
1707,180
1708,171
1709,86
1710,137
1711,162
1712,100
1713,83
1714,120
1715,141
1716,239
1717,65
1718,116
1719,97
1720,60
1721,193
1722,209
1723,183
1724,209
1725,179
1726,248
1727,277
1728,124
1729,129
1730,162
1731,193
1732,171
1733,239
1734,117
1735,170
1736,136
1737,221
1738,72
1739,178
1740,149
1741,194
1742,159
1743,117
1744,108
1745,105
1746,56
1747,220
1748,149
1749,104
1750,196
1751,44
1752,96
1753,197
1754,70
1755,85
1756,127
1757,120
1758,124
1759,50
1760,136
1761,97
1762,251
1763,162
1764,123
1765,85
1766,186
1767,78
1768,68
1769,79
1770,82
1771,57
1772,81
1773,80
1774,97
1775,216
1776,272
1777,109
1778,211
1779,161
1780,230
1781,111
1782,111
1783,117
1784,124
1785,104
1786,95
1787,162
1788,136
1789,104
1790,178
1791,68
1792,186
1793,155
1794,63
1795,176
1796,188
1797,99
1798,151
1799,117
1800,48
1801,195
1802,76
1803,88
1804,118
1805,277
1806,162
1807,94
1808,133
1809,96
1810,144
1811,98
1812,130
1813,111
1814,146
1815,125
1816,36
1817,91
1818,72
1819,20
1820,252
1821,128
1822,80
1823,117
1824,118
1825,197
1826,182
1827,122
1828,113
1829,184
1830,180
1831,97
1832,84
1833,131
1834,109
1835,116
1836,140
1837,87
1838,72
1839,144
1840,97
1841,39
1842,304
1843,97
1844,74
1845,102
1846,67
1847,142
1848,101
1849,49
1850,140
1851,186
1852,51
1853,69
1854,86
1855,184
1856,139
1857,201
1858,96
1859,72
1860,133
1861,233
1862,135
1863,119
1864,95
1865,112
1866,67
1867,115
1868,202
1869,70
1870,97
1871,196
1872,66
1873,110
1874,86
1875,42
1876,116
1877,128
1878,141
1879,130
1880,105
1881,124
1882,64
1883,110
1884,150
1885,81
1886,162
1887,154
1888,116
1889,232
1890,164
1891,64
1892,91
1893,191
1894,32
1895,123
1896,97
1897,92
1898,77
1899,147
1900,181
1901,303
1902,147
1903,227
1904,104
1905,56
1906,247
1907,165
1908,207
1909,145
1910,66
1911,149
1912,193
1913,42
1914,176
1915,157
1916,96
1917,179
1918,89
1919,83
1920,229
1921,82
1922,205
1923,128
1924,114
1925,192
1926,120
1927,119
1928,180
1929,165
1930,117
1931,169
1932,107
1933,143
1934,134
1935,98
1936,172
1937,145
1938,149
1939,210
1940,147
1941,174
1942,137
1943,119
1944,106
1945,192
1946,145
1947,97
1948,224
1949,103
1950,116
1951,121
1952,117
1953,153
1954,188
1955,154
1956,172
1957,154
1958,175
1959,169
1960,58
1961,110
1962,149
1963,82
1964,158
1965,163
1966,82
1967,197
1968,99
1969,102
1970,110
1971,134
1972,199
1973,142
1974,78
1975,191
1976,201
1977,72
1978,53
1979,61
1980,103
1981,105
1982,68
1983,176
1984,144
1985,208
1986,164
1987,168
1988,283
1989,251
1990,168
1991,76
1992,155
1993,204
1994,82
1995,172
1996,218
1997,196
1998,211
1999,105
2000,99
2001,104
2002,112
2003,58
2004,127
2005,49
2006,143
2007,114
2008,104
2009,51
2010,223
2011,141
2012,110
2013,239
2014,108
2015,166
2016,147
2017,128
2018,154
2019,195
2020,130
2021,160
2022,112
2023,114
2024,133
2025,98
2026,70
2027,106
2028,106
2029,265
2030,187
2031,108
2032,163
2033,69
2034,100
2035,121
2036,82
2037,48
2038,136
2039,120
2040,184
2041,112
2042,188
2043,173
2044,103
2045,112
2046,277
2047,204
2048,116
2049,126
2050,119
2051,96
2052,90
2053,177
2054,114
2055,88
2056,181
2057,128
2058,94
2059,178
2060,148
2061,149
2062,70
2063,169
2064,164
2065,142
2066,115
2067,156
2068,182
2069,84
2070,183
2071,73
2072,188
2073,157
2074,116
2075,168
2076,175
2077,157
2078,180
2079,111
2080,63
2081,221
2082,177
2083,161
2084,144
2085,109
2086,176
2087,99
2088,175
2089,131
2090,160
2091,166
2092,133
2093,159
2094,160
2095,130
2096,116
2097,139
2098,125
2099,178
2100,173
2101,183
2102,88
2103,165
2104,116
2105,70
2106,146
2107,88
2108,62
2109,130
2110,95
2111,137
2112,83
2113,92
2114,97
2115,20
2116,73
2117,55
2118,41
2119,65
2120,12
2121,58
2122,100
2123,149
2124,82
2125,46
2126,316
2127,141
2128,176
2129,178
2130,147
2131,119
2132,195
2133,230
2134,269
2135,274
2136,131
2137,181
2138,147
2139,175
2140,65
2141,92
2142,122
2143,90
2144,112
2145,131
2146,126
2147,179
2148,166
2149,141
2150,121
2151,143
2152,143
2153,117
2154,156
2155,96
2156,96
2157,146
2158,149
2159,107
2160,127
2161,205
2162,108
2163,186
2164,151
2165,133
2166,118
2167,98
2168,203
2169,82
2170,159
2171,65
2172,205
2173,77
2174,207
2175,144
2176,200
2177,118
2178,129
2179,128
2180,150
2181,156
2182,170
2183,159
2184,110
2185,167
2186,100
2187,171
2188,92
2189,175
2190,101
2191,126
2192,65
2193,196
2194,55
2195,153
2196,124
2197,87
2198,181
2199,129
2200,96
2201,207
2202,100
2203,112
2204,116
2205,155
2206,253
2207,74
2208,55
2209,111
2210,174
2211,119
2212,148
2213,178
2214,138
2215,171
2216,182
2217,214
2218,299
2219,131
2220,100
2221,203
2222,241
2223,181
2224,117
2225,193
2226,179
2227,222
2228,154
2229,123
2230,221
2231,117
2232,84
2233,157
2234,64
2235,96
2236,73
2237,62
2238,92
2239,120
2240,99
2241,71
2242,153
2243,161
2244,121
2245,143
2246,243
2247,128
2248,165
2249,135
2250,113
2251,159
2252,167
2253,120
2254,210
2255,118
2256,264
2257,107
2258,112
2259,145
2260,148
2261,132
2262,101
2263,102
2264,111
2265,120
2266,135
2267,207
2268,98
2269,169
2270,109
2271,153
2272,82
2273,68
2274,104
2275,64
2276,70
2277,99
2278,90
2279,137
2280,325
2281,169
2282,98
2283,127
2284,231
2285,177
2286,155
2287,113
2288,155
2289,155
2290,89
2291,142
2292,69
2293,178
2294,153
2295,126
2296,164
2297,129
2298,118
2299,177
2300,166
2301,71
2302,129
2303,60
2304,92
2305,168
2306,224
2307,105
2308,154
2309,164
2310,82
2311,49
2312,114
2313,68
2314,65
2315,117
2316,68
2317,62
2318,144
2319,200
2320,259
2321,145
2322,179
2323,290
2324,219
2325,215
2326,90
2327,140
2328,82
2329,173
2330,131
2331,134
2332,152
2333,102
2334,130
2335,118
2336,178
2337,122
2338,162
2339,140
2340,170
2341,107
2342,152
2343,90
2344,103
2345,144
2346,100
2347,94
2348,123
2349,96
2350,206
2351,240
2352,85
2353,85
2354,144
2355,88
2356,50
2357,109
2358,100
2359,110
2360,106
2361,129
2362,235
2363,168
2364,113
2365,149
2366,74
2367,250
2368,250
2369,141
2370,189
2371,114
2372,128
2373,156
2374,96
2375,101
2376,117
2377,89
2378,108
2379,103
2380,197
2381,100
2382,125
2383,147
2384,89
2385,41
2386,146
2387,112
2388,56
2389,82
2390,58
2391,120
2392,82
2393,352
2394,242
2395,128
2396,97
2397,107
2398,120
2399,118
2400,109
2401,99
2402,125
2403,88
2404,146
2405,135
2406,98
2407,107
2408,137
2409,99
2410,169
2411,110
2412,119
2413,104
2414,144
2415,137
2416,143
2417,122
2418,177
2419,147
2420,87
2421,116
2422,122
2423,144
2424,102
2425,113
2426,153
2427,148
2428,111
2429,186
2430,89
2431,151
2432,93
2433,140
2434,120
2435,166
2436,138
2437,159
2438,138
2439,101
2440,149
2441,86
2442,188
2443,160
2444,123
2445,67
2446,120
2447,69
2448,152
2449,128
2450,78
2451,107
2452,170
2453,198
2454,156
2455,99
2456,198
2457,146
2458,69
2459,101
2460,99
2461,107
2462,111
2463,94
2464,120
2465,181
2466,157
2467,208
2468,242
2469,272
2470,203
2471,170
2472,193
2473,184
2474,104
2475,101
2476,144
2477,155
2478,197
2479,115
2480,112
2481,132
2482,120
2483,199
2484,45
2485,162
2486,104
2487,34
2488,94
2489,61
2490,97
2491,119
2492,91
2493,79
2494,102
2495,94
2496,218
2497,95
2498,123
2499,202
2500,291
2501,233
2502,120
2503,69
2504,88
2505,187
2506,168
2507,148
2508,118
2509,60
2510,175
2511,143
2512,76
2513,140
2514,119
2515,166
2516,140
2517,211
2518,142
2519,158
2520,100
2521,166
2522,130
2523,156
2524,155
2525,78
2526,168
2527,123
2528,115
2529,79
2530,143
2531,98
2532,185
2533,124
2534,155
2535,165
2536,118
2537,139
2538,67
2539,162
2540,106
2541,125
2542,110
2543,160
2544,87
2545,136
2546,113
2547,166
2548,113
2549,93
2550,157
2551,96
2552,210
2553,75
2554,157
2555,92
2556,195
2557,157
2558,131
2559,131
2560,117
2561,136
2562,87
2563,145
2564,92
2565,111
2566,103
2567,152
2568,141
2569,104
2570,184
2571,124
2572,224
2573,94
2574,155
2575,127
2576,111
2577,128
2578,114
2579,81
2580,141
2581,105
2582,100
2583,119
2584,134
2585,60
2586,106
2587,152
2588,149
2589,119
2590,136
2591,116
2592,155
2593,193
2594,135
2595,134
2596,181
2597,124
2598,102
2599,128
2600,72
2601,181
2602,156
2603,199
2604,218
2605,209
2606,299
2607,148
2608,234
2609,163
2610,203
2611,150
2612,100
2613,61
2614,82
2615,111
2616,159
2617,219
2618,180
2619,191
2620,259
2621,87
2622,130
2623,79
2624,45
2625,110
2626,30
2627,41
2628,51
2629,222
2630,137
2631,193
2632,175
2633,76
2634,117
2635,157
2636,138
2637,156
2638,165
2639,170
2640,160
2641,140
2642,159
2643,156
2644,134
2645,300
2646,156
2647,192
2648,112
2649,139
2650,41
2651,102
2652,79
2653,71
2654,143
2655,143
2656,18
2657,172
2658,142
2659,203
2660,62
2661,193
2662,163
2663,171
2664,144
2665,248
2666,129
2667,120
2668,167
2669,168
2670,175
2671,122
2672,120
2673,102
2674,220
2675,99
2676,197
2677,81
2678,182
2679,131
2680,166
2681,117
2682,101
2683,160
2684,138
2685,139
2686,128
2687,192
2688,117
2689,104
2690,117
2691,166
2692,72
2693,170
2694,130
2695,123
2696,187
2697,85
2698,157
2699,101
2700,171
2701,81
2702,204
2703,112
2704,222
2705,84
2706,210
2707,112
2708,111
2709,155
2710,57
2711,162
2712,89
2713,135
2714,80
2715,110
2716,140
2717,170
2718,135
2719,166
2720,112
2721,88
2722,187
2723,106
2724,90
2725,101
2726,165
2727,107
2728,159
2729,172
2730,116
2731,163
2732,99
2733,108
2734,80
2735,142
2736,64
2737,152
2738,121
2739,149
2740,110
2741,65
2742,187
2743,177
2744,128
2745,159
2746,125
2747,113
2748,120
2749,97
2750,162
2751,109
2752,162
2753,220
2754,90
2755,58
2756,103
2757,147
2758,91
2759,178
2760,193
2761,184
2762,236
2763,220
2764,313
2765,185
2766,205
2767,209
2768,175
2769,102
2770,116
2771,96
2772,254
2773,163
2774,135
2775,154
2776,239
2777,201
2778,109
2779,215
2780,134
2781,169
2782,82
2783,109
2784,28
2785,87
2786,26
2787,67
2788,126
2789,61
2790,79
2791,127
2792,220
2793,111
2794,199
2795,122
2796,139
2797,149
2798,139
2799,169
2800,157
2801,142
2802,111
2803,93
2804,164
2805,146
2806,114
2807,88
2808,181
2809,103
2810,119
2811,139
2812,129
2813,112
2814,162
2815,50
2816,100
2817,88
2818,158
2819,126
2820,159
2821,82
2822,67
2823,120
2824,79
2825,181
2826,188
2827,138
2828,228
2829,111
2830,148
2831,132
2832,66
2833,181
2834,119
2835,104
2836,136
2837,96
2838,192
2839,144
2840,251
2841,189
2842,88
2843,190
2844,217
2845,167
2846,187
2847,216
2848,127
2849,83
2850,111
2851,156
2852,74
2853,137
2854,151
2855,113
2856,156
2857,135
2858,165
2859,171
2860,146
2861,152
2862,68
2863,138
2864,131
2865,116
2866,102
2867,164
2868,114
2869,141
2870,147
2871,179
2872,132
2873,127
2874,129
2875,117
2876,143
2877,105
2878,187
2879,190
2880,127
2881,129
2882,107
2883,159
2884,115
2885,84
2886,107
2887,131
2888,79
2889,117
2890,105
2891,83
2892,102
2893,149
2894,158
2895,122
2896,137
2897,216
2898,143
2899,100
2900,103
2901,42
2902,62
2903,49
2904,173
2905,144
2906,184
2907,207
2908,154
2909,194
2910,183
2911,156
2912,284
2913,196
2914,183
2915,189
2916,262
2917,197
2918,111
2919,118
2920,68
2921,120
2922,110
2923,104
2924,123
2925,165
2926,160
2927,86
2928,108
2929,141
2930,157
2931,126
2932,152
2933,92
2934,136
2935,80
2936,129
2937,110
2938,146
2939,169
2940,129
2941,68
2942,140
2943,111
2944,121
2945,158
2946,150
2947,127
2948,137
2949,135
2950,108
2951,174
2952,69
2953,123
2954,84
2955,142
2956,121
2957,99
2958,147
2959,77
2960,213
2961,105
2962,150
2963,129
2964,121
2965,116
2966,100
2967,114
2968,91
2969,167
2970,107
2971,128
2972,108
2973,99
2974,99
2975,112
2976,97
2977,149
2978,137
2979,95
2980,69
2981,84
2982,102
2983,104
2984,141
2985,174
2986,98
2987,102
2988,120
2989,99
2990,121
2991,117
2992,80
2993,167
2994,160
2995,136
2996,199
2997,137
2998,113
2999,154
3000,69
3001,221
3002,335
3003,180
3004,155
3005,184
3006,217
3007,172
3008,196
3009,171
3010,215
3011,168
3012,157
3013,96
3014,110
3015,116
3016,104
3017,69
3018,102
3019,122
3020,356
3021,177
3022,139
3023,175
3024,86
3025,86
3026,33
3027,88
3028,133
3029,129
3030,93
3031,111
3032,60
3033,99
3034,34
3035,50
3036,32
3037,49
3038,41
3039,56
3040,49
3041,65
3042,43
3043,55
3044,216
3045,174
3046,136
3047,204
3048,221
3049,169
3050,206
3051,146
3052,244
3053,178
3054,80
3055,191
3056,147
3057,108
3058,102
3059,59
3060,132
3061,158
3062,71
3063,175
3064,132
3065,98
3066,234
3067,91
3068,147
3069,82
3070,55
3071,104
3072,50
3073,115
3074,128
3075,141
3076,102
3077,46
3078,98
3079,205
3080,212
3081,139
3082,148
3083,109
3084,130
3085,182
3086,157
3087,156
3088,62
3089,127
3090,83
3091,97
3092,167
3093,83
3094,127
3095,118
3096,156
3097,70
3098,72
3099,99
3100,135
3101,89
3102,139
3103,133
3104,138
3105,231
3106,162
3107,79
3108,102
3109,64
3110,71
3111,61
3112,158
3113,118
3114,49
3115,68
3116,103
3117,118
3118,140
3119,193
3120,214
3121,154
3122,138
3123,198
3124,197
3125,284
3126,179
3127,109
3128,60
3129,220
3130,106
3131,89
3132,69
3133,88
3134,71
3135,76
3136,112
3137,79
3138,143
3139,191
3140,226
3141,103
3142,136
3143,58
3144,110
3145,79
3146,94
3147,86
3148,177
3149,59
3150,55
3151,132
3152,166
3153,95
3154,136
3155,156
3156,245
3157,155
3158,184
3159,111
3160,210
3161,108
3162,61
3163,93
3164,63
3165,117
3166,70
3167,137
3168,162
3169,144
3170,105
3171,113
3172,69
3173,126
3174,69
3175,73
3176,106
3177,101
3178,59
3179,43
3180,82
3181,198
3182,126
3183,159
3184,115
3185,145
3186,224
3187,220
3188,169
3189,183
3190,126
3191,130
3192,101
3193,87
3194,105
3195,107
3196,60
3197,86
3198,80
3199,132
3200,142
3201,155
3202,214
3203,90
3204,60
3205,120
3206,86
3207,70
3208,132
3209,86
3210,84
3211,110
3212,97
3213,90
3214,143
3215,119
3216,70
3217,208
3218,199
3219,198
3220,98
3221,115
3222,104
3223,105
3224,68
3225,103
3226,114
3227,91
3228,109
3229,141
3230,87
3231,76
3232,106
3233,145
3234,87
3235,209
3236,134
3237,88
3238,77
3239,116
3240,109
3241,85
3242,61
3243,116
3244,286
3245,85
3246,191
3247,158
3248,137
3249,204
3250,149
3251,110
3252,78
3253,87
3254,49
3255,114
3256,99
3257,63
3258,130
3259,111
3260,148
3261,156
3262,144
3263,63
3264,120
3265,73
3266,95
3267,61
3268,69
3269,65
3270,155
3271,232
3272,196
3273,108
3274,144
3275,132
3276,102
3277,141
3278,73
3279,67
3280,65
3281,40
3282,50
3283,43
3284,54
3285,137
3286,97
3287,165
3288,128
3289,202
3290,309
3291,210
3292,190
3293,130
3294,116
3295,143
3296,125
3297,112
3298,104
3299,96
3300,58
3301,121
3302,50
3303,150
3304,94
3305,111
3306,164
3307,125
3308,93
3309,106
3310,98
3311,112
3312,131
3313,52
3314,80
3315,67
3316,52
3317,77
3318,53
3319,33
3320,136
3321,34
3322,68
3323,62
3324,57
3325,85
3326,73
3327,58
3328,106
3329,103
3330,106
3331,128
3332,138
3333,57
3334,97
3335,69
3336,83
3337,107
3338,50
3339,168
3340,61
3341,105
3342,147
3343,141
3344,131
3345,141
3346,102
3347,150
3348,78
3349,57
3350,40
3351,133
3352,69
3353,150
3354,160
3355,129
3356,131
3357,163
3358,256
3359,192
3360,305
3361,233
3362,179
3363,85
3364,126
3365,78
3366,120
3367,122
3368,202
3369,150
3370,118
3371,146
3372,66
3373,83
3374,194
3375,190
3376,189
3377,192
3378,147
3379,181
3380,114
3381,130
3382,120
3383,104
3384,181
3385,131
3386,123
3387,93
3388,60
3389,167
3390,82
3391,88
3392,122
3393,146
3394,78
3395,153
3396,103
3397,143
3398,125
3399,150
3400,148
3401,149
3402,165
3403,104
3404,34
3405,65
3406,56
3407,67
3408,93
3409,70
3410,82
3411,115
3412,165
3413,137
3414,107
3415,230
3416,162
3417,161
3418,177
3419,171
3420,160
3421,188
3422,89
3423,112
3424,45
3425,125
3426,95
3427,66
3428,94
3429,118
3430,80
3431,254
3432,168
3433,71
3434,104
3435,51
3436,103
3437,42
3438,116
3439,100
3440,96
3441,97
3442,119
3443,186
3444,174
3445,143
3446,121
3447,187
3448,107
3449,198
3450,221
3451,134
3452,120
3453,69
3454,192
3455,131
3456,176
3457,114
3458,144
3459,58
3460,136
3461,67
3462,91
3463,96
3464,161
3465,170
3466,115
3467,142
3468,105
3469,151
3470,110
3471,123
3472,102
3473,43
3474,68
3475,55
3476,77
3477,176
3478,140
3479,118
3480,153
3481,80
3482,216
3483,169
3484,110
3485,213
3486,208
3487,101
3488,78
3489,125
3490,121
3491,89
3492,104
3493,121
3494,89
3495,71
3496,43
3497,88
3498,79
3499,117
3500,120
3501,122
3502,182
3503,222
3504,174
3505,148
3506,132
3507,210
3508,129
3509,66
3510,96
3511,115
3512,41
3513,101
3514,92
3515,124
3516,163
3517,203
3518,126
3519,169
3520,56
3521,110
3522,36
3523,171
3524,127
3525,116
3526,146
3527,91
3528,64
3529,116
3530,132
3531,102
3532,101
3533,180
3534,101
3535,167
3536,262
3537,171
3538,189
3539,159
3540,103
3541,106
3542,117
3543,76
3544,102
3545,93
3546,137
3547,165
3548,156
3549,158
3550,134
3551,107
3552,56
3553,74
3554,104
3555,112
3556,70
3557,114
3558,132
3559,65
3560,125
3561,193
3562,184
3563,141
3564,92
3565,156
3566,222
3567,240
3568,123
3569,88
3570,99
3571,137
3572,76
3573,144
3574,82
3575,145
3576,66
3577,158
3578,131
3579,153
3580,115
3581,129
3582,68
3583,136
3584,54
3585,118
3586,152
3587,54
3588,100
3589,96
3590,124
3591,189
3592,212
3593,63
3594,183
3595,109
3596,128
3597,70
3598,91
3599,174
3600,99
3601,115
3602,100
3603,111
3604,149
3605,130
3606,217
3607,232
3608,192
3609,180
3610,177
3611,92
3612,155
3613,74
3614,110
3615,124
3616,67
3617,114
3618,79
3619,138
3620,220
3621,161
3622,115
3623,135
3624,82
3625,152
3626,177
3627,72
3628,69
3629,72
3630,26
3631,42
3632,118
3633,183
3634,105
3635,84
3636,106
3637,188
3638,201
3639,115
3640,228
3641,183
3642,102
3643,77
3644,104
3645,105
3646,90
3647,116
3648,129
3649,105
3650,185
3651,108
3652,135
3653,130
3654,148
3655,113
3656,154
3657,95
3658,141
3659,96
3660,100
3661,98
3662,146
3663,68
3664,104
3665,198
3666,118
3667,152
3668,93
3669,54
3670,86
3671,79
3672,66
3673,151
3674,73
3675,131
3676,81
3677,87
3678,86
3679,157
3680,193
3681,157
3682,118
3683,118
3684,192
3685,105
3686,117
3687,153
3688,93
3689,88
3690,160
3691,95
3692,103
3693,104
3694,181
3695,124
3696,106
3697,108
3698,125
3699,85
3700,69
3701,87
3702,69
3703,77
3704,77
3705,125
3706,84
3707,65
3708,112
3709,155
3710,168
3711,94
3712,88
3713,143
3714,199
3715,168
3716,170
3717,120
3718,117
3719,93
3720,94
3721,151
3722,94
3723,78
3724,118
3725,87
3726,85
3727,133
3728,32
3729,121
3730,132
3731,154
3732,104
3733,105
3734,108
3735,96
3736,58
3737,95
3738,98
3739,80
3740,102
3741,79
3742,130
3743,180
3744,142
3745,214
3746,178
3747,136
3748,149
3749,138
3750,120
3751,149
3752,90
3753,84
3754,184
3755,125
3756,102
3757,102
3758,112
3759,184
3760,89
3761,118
3762,152
3763,98
3764,144
3765,115
3766,44
3767,173
3768,155
3769,87
3770,79
3771,83
3772,70
3773,244
3774,168
3775,116
3776,147
3777,169
3778,147
3779,90
3780,96
3781,166
3782,116
3783,93
3784,73
3785,131
3786,145
3787,114
3788,97
3789,66
3790,112
3791,80
3792,148
3793,99
3794,135
3795,139
3796,147
3797,166
3798,81
3799,157
3800,156
3801,134
3802,103
3803,104
3804,114
3805,61
3806,19
3807,70
3808,94
3809,143
3810,173
3811,122
3812,176
3813,223
3814,211
3815,202
3816,186
3817,151
3818,136
3819,57
3820,68
3821,65
3822,85
3823,128
3824,93
3825,74
3826,120
3827,127
3828,196
3829,198
3830,87
3831,99
3832,65
3833,50
3834,100
3835,243
3836,117
3837,127
3838,148
3839,95
3840,150
3841,152
3842,107
3843,123
3844,146
3845,160
3846,142
3847,154
3848,126
3849,75
3850,95
3851,165
3852,155
3853,65
3854,150
3855,67
3856,99
3857,71
3858,63
3859,113
3860,105
3861,115
3862,84
3863,75
3864,87
3865,142
3866,118
3867,180
3868,133
3869,118
3870,137
3871,58
3872,71
3873,69
3874,68
3875,65
3876,71
3877,99
3878,62
3879,168
3880,109
3881,163
3882,153
3883,208
3884,163
3885,177
3886,218
3887,146
3888,153
3889,157
3890,143
3891,84
3892,132
3893,53
3894,142
3895,139
3896,216
3897,100
3898,98
3899,167
3900,83
3901,69
3902,99
3903,115
3904,59
3905,42
3906,144
3907,122
3908,95
3909,80
3910,59
3911,82
3912,129
3913,173
3914,185
3915,183
3916,145
3917,213
3918,169
3919,103
3920,123
3921,99
3922,112
3923,100
3924,200
3925,202
3926,86
3927,67
3928,89
3929,111
3930,38
3931,82
3932,68
3933,158
3934,135
3935,214
3936,67
3937,138
3938,62
3939,100
3940,118
3941,245
3942,168
3943,70
3944,115
3945,126
3946,87
3947,91
3948,133
3949,129
3950,113
3951,205
3952,241
3953,172
3954,216
3955,194
3956,123
3957,142
3958,112
3959,94
3960,116
3961,148
3962,207
3963,104
3964,64
3965,137
3966,109
3967,40
3968,131
3969,85
3970,142
3971,78
3972,69
3973,101
3974,201
3975,148
3976,214
3977,111
3978,161
3979,188
3980,112
3981,79
3982,169
3983,135
3984,95
3985,145
3986,151
3987,161
3988,74
3989,150
3990,100
3991,86
3992,115
3993,121
3994,55
3995,139
3996,66
3997,174
3998,179
3999,171
4000,201
4001,170
4002,121
4003,103
4004,63
4005,102
4006,135
4007,74
4008,91
4009,67
4010,75
4011,83
4012,190
4013,171
4014,112
4015,237
4016,255
4017,126
4018,281
4019,142
4020,113
4021,182
4022,68
4023,99
4024,60
4025,100
4026,101
4027,88
4028,147
4029,244
4030,163
4031,126
4032,102
4033,58
4034,50
4035,57
4036,134
4037,141
4038,110
4039,97
4040,172
4041,118
4042,136
4043,130
4044,150
4045,134
4046,164
4047,200
4048,68
4049,178
4050,186
4051,80
4052,98
4053,138
4054,104
4055,105
4056,111
4057,98
4058,119
4059,115
4060,174
4061,166
4062,95
4063,126
4064,71
4065,65
4066,116
4067,69
4068,44
4069,173
4070,63
4071,43
4072,139
4073,193
4074,115
4075,110
4076,124
4077,113
4078,137
4079,207
4080,229
4081,117
4082,119
4083,150
4084,80
4085,106
4086,137
4087,113
4088,146
4089,117
4090,93
4091,103
4092,114
4093,134
4094,90
4095,118
4096,110
4097,163
4098,157
4099,210
4100,149
4101,107
4102,144
4103,188
4104,61
4105,135
4106,167
4107,114
4108,91
4109,73
4110,107
4111,147
4112,144
4113,101
4114,168
4115,133
4116,121
4117,227
4118,171
4119,104
4120,104
4121,115
4122,91
4123,121
4124,88
4125,80
4126,135
4127,162
4128,140
4129,99
4130,158
4131,142
4132,107
4133,84
4134,75
4135,196
4136,129
4137,105
4138,132
4139,119
4140,222
4141,156
4142,67
4143,168
4144,95
4145,111
4146,138
4147,86
4148,158
4149,116
4150,102
4151,98
4152,115
4153,92
4154,125
4155,127
4156,120
4157,187
4158,165
4159,152
4160,124
4161,70
4162,164
4163,122
4164,63
4165,107
4166,203
4167,200
4168,63
4169,45
4170,102
4171,233
4172,141
4173,125
4174,130
4175,116
4176,119
4177,107
4178,79
4179,61
4180,171
4181,105
4182,139
4183,176
4184,135
4185,104
4186,111
4187,110
4188,83
4189,86
4190,121
4191,91
4192,57
4193,96
4194,111
4195,105
4196,212
4197,200
4198,153
4199,136
4200,120
4201,139
4202,148
4203,82
4204,139
4205,103
4206,92
4207,76
4208,126
4209,221
4210,145
4211,144
4212,122
4213,132
4214,116
4215,95
4216,65
4217,58
4218,85
4219,39
4220,44
4221,183
4222,115
4223,172
4224,67
4225,133
4226,121
4227,150
4228,64
4229,48
4230,105
4231,181
4232,195
4233,137
4234,166
4235,77
4236,185
4237,109
4238,108
4239,77
4240,103
4241,82
4242,64
4243,79
4244,81
4245,100
4246,47
4247,140
4248,87
4249,105
4250,73
4251,48
4252,26
4253,80
4254,87
4255,82
4256,114
4257,69
4258,111
4259,270
4260,153
4261,140
4262,202
4263,197
4264,101
4265,69
4266,241
4267,172
4268,97
4269,210
4270,110
4271,165
4272,140
4273,109
4274,109
4275,131
4276,133
4277,121
4278,63
4279,131
4280,100
4281,67
4282,227
4283,154
4284,137
4285,53
4286,190
4287,106
4288,168
4289,111
4290,74
4291,102
4292,122
4293,124
4294,83
4295,80
4296,101
4297,134
4298,106
4299,168
4300,234
4301,156
4302,101
4303,91
4304,87
4305,92
4306,78
4307,106
4308,88
4309,65
4310,116
4311,100
4312,149
4313,199
4314,125
4315,180
4316,161
4317,142
4318,183
4319,96
4320,158
4321,47
4322,106
4323,132
4324,77
4325,144
4326,96
4327,62
4328,114
4329,193
4330,182
4331,193
4332,145
4333,168
4334,112
4335,222
4336,125
4337,108
4338,201
4339,183
4340,97
4341,69
4342,247
4343,226
4344,161
4345,170
4346,202
4347,300
4348,215
4349,204
4350,198
4351,177
4352,185
4353,210
4354,182
4355,131
4356,154
4357,184
4358,116
4359,177
4360,152
4361,135
4362,157
4363,178
4364,250
4365,175
4366,241
4367,179
4368,109
4369,243
4370,207
4371,173
4372,231
4373,170
4374,124
4375,119
4376,172
4377,177
4378,166
4379,254
4380,297
4381,238
4382,201
4383,230
4384,131
4385,247
4386,151
4387,176
4388,169
4389,84
4390,143
4391,110
4392,114
4393,94
4394,156
4395,71
4396,138
4397,132
4398,221
4399,163
4400,112
4401,58
4402,87
4403,124
4404,128
4405,96
4406,81
4407,75
4408,55
4409,59
4410,164
4411,125
4412,64
4413,63
4414,149
4415,177
4416,118
4417,119
4418,125
4419,122
4420,181
4421,136
4422,113
4423,116
4424,161
4425,72
4426,42
4427,107
4428,161
4429,178
4430,148
4431,116
4432,164
4433,78
4434,97
4435,156
4436,98
4437,67
4438,67
4439,40
4440,67
4441,60
4442,91
4443,113
4444,155
4445,163
4446,155
4447,132
4448,137
4449,215
4450,202
4451,143
4452,91
4453,136
4454,111
4455,157
4456,65
4457,126
4458,82
4459,106
4460,166
4461,121
4462,109
4463,89
4464,110
4465,53
4466,129
4467,53
4468,162
4469,119
4470,144
4471,89
4472,108
4473,54
4474,90
4475,116
4476,89
4477,151
4478,151
4479,123
4480,98
4481,155
4482,147
4483,123
4484,141
4485,136
4486,197
4487,40
4488,34
4489,47
4490,114
4491,149
4492,168
4493,151
4494,146
4495,241
4496,186
4497,178
4498,145
4499,193
4500,203
4501,231
4502,144
4503,128
4504,56
4505,81
4506,94
4507,159
4508,151
4509,152
4510,77
4511,109
4512,97
4513,107
4514,153
4515,151
4516,166
4517,129
4518,163
4519,112
4520,147
4521,149
4522,160
4523,110
4524,197
4525,77
4526,170
4527,82
4528,154
4529,90
4530,105
4531,105
4532,136
4533,139
4534,63
4535,118
4536,66
4537,159
4538,170
4539,127
4540,106
4541,110
4542,94
4543,105
4544,192
4545,101
4546,90
4547,87
4548,120
4549,88
4550,121
4551,105
4552,140
4553,175
4554,111
4555,216
4556,122
4557,203
4558,175
4559,206
4560,186
4561,154
4562,119
4563,199
4564,237
4565,165
4566,57
4567,98
4568,67
4569,58
4570,76
4571,103
4572,52
4573,128
4574,104
4575,92
4576,172
4577,97
4578,175
4579,154
4580,157
4581,118
4582,101
4583,113
4584,154
4585,108
4586,113
4587,146
4588,122
4589,114
4590,106
4591,105
4592,128
4593,104
4594,89
4595,103
4596,62
4597,76
4598,87
4599,39
4600,92
4601,136
4602,82
4603,157
4604,155
4605,164
4606,215
4607,106
4608,89
4609,108
4610,66
4611,75
4612,68
4613,64
4614,55
4615,43
4616,110
4617,141
4618,143
4619,118
4620,192
4621,163
4622,172
4623,139
4624,182
4625,101
4626,91
4627,109
4628,88
4629,146
4630,123
4631,154
4632,73
4633,98
4634,72
4635,58
4636,143
4637,62
4638,73
4639,122
4640,85
4641,82
4642,108
4643,198
4644,112
4645,163
4646,209
4647,298
4648,93
4649,143
4650,108
4651,101
4652,104
4653,187
4654,119
4655,46
4656,235
4657,86
4658,90
4659,152
4660,137
4661,128
4662,82
4663,211
4664,138
4665,144
4666,86
4667,93
4668,70
4669,125
4670,33
4671,54
4672,113
4673,115
4674,112
4675,108
4676,122
4677,151
4678,79
4679,91
4680,133
4681,142
4682,192
4683,102
4684,51
4685,65
4686,129
4687,88
4688,88
4689,123
4690,84
4691,149
4692,203
4693,91
4694,100
4695,126
4696,83
4697,50
4698,184
4699,164
4700,104
4701,35
4702,105
4703,146
4704,96
4705,113
4706,145
4707,189
4708,153
4709,148
4710,135
4711,74
4712,123
4713,115
4714,156
4715,107
4716,114
4717,118
4718,89
4719,104
4720,112
4721,66
4722,103
4723,58
4724,74
4725,137
4726,91
4727,53
4728,161
4729,137
4730,141
4731,189
4732,179
4733,85
4734,98
4735,73
4736,123
4737,100
4738,103
4739,135
4740,107
4741,88
4742,93
4743,103
4744,51
4745,64
4746,76
4747,114
4748,79
4749,122
4750,142
4751,133
4752,136
4753,115
4754,121
4755,63
4756,99
4757,63
4758,79
4759,54
4760,59
4761,95
4762,107
4763,118
4764,119
4765,188
4766,120
4767,104
4768,124
4769,144
4770,242
4771,203
4772,150
4773,148
4774,117
4775,80
4776,105
4777,51
4778,97
4779,87
4780,48
4781,104
4782,211
4783,69
4784,60
4785,111
4786,51
4787,48
4788,175
4789,176
4790,181
4791,53
4792,62
4793,75
4794,132
4795,93
4796,114
4797,74
4798,91
4799,242
4800,67
4801,122
4802,93
4803,108
4804,154
4805,142
4806,172
4807,131
4808,97
4809,56
4810,92
4811,165
4812,93
4813,55
4814,101
4815,76
4816,106
4817,68
4818,56
4819,159
4820,150
4821,291
4822,95
4823,62
4824,85
4825,80
4826,58
4827,98
4828,170
4829,217
4830,141
4831,84
4832,111
4833,60
4834,47
4835,122
4836,118
4837,145
4838,177
4839,179
4840,125
4841,63
4842,87
4843,111
4844,34
4845,76
4846,95
4847,132
4848,30
4849,105
4850,121
4851,113
4852,139
4853,165
4854,177
4855,167
4856,141
4857,79
4858,85
4859,116
4860,166
4861,82
4862,104
4863,99
4864,68
4865,76
4866,99
4867,94
4868,116
4869,54
4870,112
4871,127
4872,56
4873,104
4874,75
4875,73
4876,62
4877,173
4878,127
4879,209
4880,174
4881,149
4882,105
4883,81
4884,68
4885,87
4886,77
4887,60
4888,92
4889,52
4890,69
4891,46
4892,116
4893,145
4894,93
4895,92
4896,98
4897,198
4898,144
4899,151
4900,190
4901,161
4902,172
4903,100
4904,104
4905,30
4906,77
4907,98
4908,67
4909,45
4910,68
4911,157
4912,63
4913,92
4914,100
4915,81
4916,95
4917,178
4918,138
4919,195
4920,92
4921,143
4922,116
4923,126
4924,148
4925,141
4926,158
4927,109
4928,122
4929,79
4930,74
4931,98
4932,48
4933,100
4934,61
4935,89
4936,92
4937,115
4938,101
4939,104
4940,145
4941,212
4942,167
4943,167
4944,142
4945,138
4946,71
4947,145
4948,81
4949,130
4950,90
4951,91
4952,86
4953,78
4954,92
4955,110
4956,128
4957,114
4958,78
4959,98
4960,58
4961,133
4962,115
4963,101
4964,73
4965,42
4966,54
4967,34
4968,45
4969,62
4970,71
4971,28
4972,75
4973,140
4974,84
4975,81
4976,235
4977,70
4978,23
4979,5
4983,16
4984,27
4985,12
4986,20
4987,25
4988,23
4989,18
4990,6
4992,33
4993,71
4994,48
4995,26
4996,61
4997,36
4998,50
4999,34
5000,85
5001,91
5002,80
5003,83
5004,91
5005,80
5006,75
5007,73
5008,74
5009,130
5010,176
5011,185
5012,133
5013,90
5014,78
5015,110
5016,98
5017,70
5018,106
5019,63
5020,67
5021,67
5022,87
5023,121
5024,154
5025,161
5026,97
5027,134
5028,126
5029,88
5030,71
5031,133
5032,194
5033,138
5034,78
5035,106
5036,93
5037,79
5038,107
5039,54
5040,82
5041,57
5042,65
5043,76
5044,184
5045,119
5046,108
5047,127
5048,139
5049,97
5050,160
5051,119
5052,85
5053,122
5054,151
5055,166
5056,114
5057,61
5058,121
5059,96
5060,83
5061,73
5062,84
5063,54
5064,51
5065,47
5066,44
5067,98
5068,85
5069,101
5070,165
5071,157
5072,128
5073,76
5074,117
5075,223
5076,256
5077,149
5078,91
5079,149
5080,75
5081,81
5082,55
5083,40
5084,43
5085,143
5086,98
5087,77
5088,125
5089,31
5090,154
5091,72
5092,108
5093,132
5094,134
5095,109
5096,108
5097,138
5098,106
5099,86
5100,113
5101,112
5102,76
5103,241
5104,78
5105,82
5106,134
5107,148
5108,98
5109,120
5110,155
5111,154
5112,136
5113,104
5114,134
5115,142
5116,195
5117,99
5118,88
5119,63
5120,180
5121,143
5122,149
5123,91
5124,93
5125,62
5126,74
5127,50
5128,57
5129,92
5130,29
5131,172
5132,68
5133,73
5134,127
5135,43
5136,73
5137,129
5138,107
5139,145
5140,226
5141,209
5142,213
5143,64
5144,135
5145,82
5146,116
5147,150
5148,126
5149,79
5150,41
5151,74
5152,71
5153,76
5154,48
5155,69
5156,114
5157,116
5158,64
5159,205
5160,93
5161,90
5162,121
5163,92
5164,117
5165,110
5166,48
5167,18
5168,118
5169,72
5170,152
5171,118
5172,88
5173,226
5174,134
5175,264
5176,134
5177,111
5178,102
5179,103
5180,165
5181,128
5182,132
5183,177
5184,91
5185,131
5186,101
5187,133
5188,47
5189,90
5190,80
5191,38
5192,98
5193,80
5194,30
5195,116
5196,63
5197,133
5198,161
5199,152
5200,94
5201,148
5202,145
5203,93
5204,149
5205,87
5206,90
5207,56
5208,133
5209,200
5210,170
5211,96
5212,90
5213,195
5214,147
5215,165
5216,112
5217,94
5218,121
5219,195
5220,149
5221,132
5222,75
5223,76
5224,67
5225,111
5226,182
5227,159
5228,76
5229,86
5230,103
5231,108
5232,48
5233,79
5234,35
5235,88
5236,91
5237,149
5238,165
5239,136
5240,73
5241,138
5242,125
5243,50
5244,185
5245,112
5246,101
5247,115
5248,123
5249,63
5250,136
5251,66
5252,114
5253,104
5254,52
5255,70
5256,28
5257,85
5258,151
5259,125
5260,141
5261,133
5262,139
5263,77
5264,129
5265,168
5266,109
5267,117
5268,83
5269,121
5270,84
5271,60
5272,92
5273,71
5274,51
5275,93
5276,83
5277,82
5278,161
5279,49
5280,54
5281,67
5282,68
5283,39
5284,42
5285,45
5286,46
5287,70
5288,43
5289,92
5290,87
5291,75
5292,84
5293,34
5294,37
5295,78
5296,67
